[8186, 6.399733312262447e-05]
[8187, 6.399733312262447e-05]
[8188, 6.399733312262447e-05]
[8189, 6.399733312262447e-05]
[8620, 6.400015500844766e-05]
[8621, 6.400015500844766e-05]
[5775, 6.400053981005256e-05]
[5767, 6.400122173471487e-05]
[3775, 6.400409286164436e-05]
[3777, 6.400409286164436e-05]
[3778, 6.400409286164436e-05]
[6182, 6.401038464451788e-05]
[7147, 6.401431306677853e-05]
[6893, 6.401495294178305e-05]
[6894, 6.401495294178305e-05]
[6895, 6.401495294178305e-05]
[8239, 6.401892861307632e-05]
[8240, 6.401892861307632e-05]
[6211, 6.401900971296607e-05]
[10351, 6.402087116030981e-05]
[5493, 6.402099365690953e-05]
[5494, 6.402099365690953e-05]
[5962, 6.40313751777562e-05]
[10844, 6.403327553260673e-05]
[10845, 6.403327553260673e-05]
[10846, 6.403327553260673e-05]
[10847, 6.403327553260673e-05]
[10848, 6.403327553260673e-05]
[10849, 6.403327553260673e-05]
[10850, 6.403327553260673e-05]
[5454, 6.403410337068783e-05]
[5457, 6.403410337068783e-05]
[9050, 6.4035550930188e-05]
[9051, 6.4035550930188e-05]
[9052, 6.4035550930188e-05]
[2987, 6.403771969476355e-05]
[2988, 6.403771969476355e-05]
[8455, 6.403819690560029e-05]
[8456, 6.403819690560029e-05]
[6529, 6.404526639867538e-05]
[6530, 6.404526639867538e-05]
[7632, 6.404538765446102e-05]
[7633, 6.404538765446102e-05]
[3762, 6.404719885949908e-05]
[3532, 6.405146925833778e-05]
[3533, 6.405146925833778e-05]
[7575, 6.40530793271227e-05]
[3447, 6.405863522254595e-05]
[3448, 6.405863522254595e-05]
[3452, 6.405863522254595e-05]
[3480, 6.405863522254595e-05]
[9548, 6.406257374361282e-05]
[3974, 6.406461251107401e-05]
[3976, 6.406461251107401e-05]
[4278, 6.406961099327976e-05]
[6852, 6.40708019257204e-05]
[6460, 6.407405953743302e-05]
[5810, 6.40757454888557e-05]
[7309, 6.407814487288251e-05]
[4651, 6.408171389050738e-05]
[4653, 6.408171389050738e-05]
[7447, 6.408465296486368e-05]
[7448, 6.408465296486368e-05]
[7450, 6.408465296486368e-05]
[6198, 6.408580172635523e-05]
[5823, 6.409218705990605e-05]
[2507, 6.409271643836525e-05]
[5022, 6.409344179920736e-05]
[6783, 6.409658915794197e-05]
[9553, 6.410483494081142e-05]
[7179, 6.41052294659456e-05]
[7180, 6.41052294659456e-05]
[7181, 6.41052294659456e-05]
[3728, 6.410779672944021e-05]
[3730, 6.410779672944021e-05]
[6812, 6.41086439838007e-05]
[8242, 6.410889794132952e-05]
[8243, 6.410889794132952e-05]
[8244, 6.410889794132952e-05]
[8245, 6.410889794132952e-05]
[586, 6.410922290188122e-05]
[5332, 6.411232532682728e-05]
[5507, 6.411314335774804e-05]
[5508, 6.411314335774804e-05]
[8742, 6.411787849049134e-05]
[6641, 6.412417386758007e-05]
[6642, 6.412417386758007e-05]
[6644, 6.412417386758007e-05]
[6645, 6.412417386758007e-05]
[8529, 6.412477378231373e-05]
[8530, 6.412477378231373e-05]
[6396, 6.412494262886641e-05]
[6397, 6.412494262886641e-05]
[6406, 6.412514081733002e-05]
[9299, 6.413456047927216e-05]
[4889, 6.413473107311923e-05]
[4890, 6.413473107311923e-05]
[9228, 6.414309477428942e-05]
[6906, 6.414379454629124e-05]
[6908, 6.414379454629124e-05]
[6909, 6.414379454629124e-05]
[7819, 6.414930848925514e-05]
[3013, 6.414982295715683e-05]
[3015, 6.414982295715683e-05]
[10301, 6.415073069852274e-05]
[10302, 6.415073069852274e-05]
[10303, 6.415073069852274e-05]
[7726, 6.415344425069867e-05]
[7885, 6.415811279086289e-05]
[9069, 6.415835268454482e-05]
[9070, 6.415835268454482e-05]
[9071, 6.415835268454482e-05]
[6467, 6.415924603707723e-05]
[2562, 6.415926585137133e-05]
[7211, 6.416316164551729e-05]
[5879, 6.416321856350852e-05]
[8058, 6.416506884554598e-05]
[6879, 6.416570509683256e-05]
[3886, 6.416627363658612e-05]
[6772, 6.416647628553192e-05]
[9551, 6.416744764315509e-05]
[7786, 6.416760452617666e-05]
[7787, 6.416760452617666e-05]
[9457, 6.41724288732611e-05]
[9458, 6.41724288732611e-05]
[9471, 6.417284472662103e-05]
[8611, 6.417298828773042e-05]
[8613, 6.417298828773042e-05]
[2358, 6.417597521422041e-05]
[2360, 6.417597521422041e-05]
[3279, 6.417818112603596e-05]
[7918, 6.418511433252471e-05]
[5085, 6.418772811429351e-05]
[3806, 6.418851003038692e-05]
[10465, 6.419461484959943e-05]
[10466, 6.419461484959943e-05]
[10467, 6.419461484959943e-05]
[4050, 6.41963803025627e-05]
[7996, 6.420337374371578e-05]
[10518, 6.420678820771309e-05]
[4614, 6.420721763370125e-05]
[9434, 6.421114078171335e-05]
[9435, 6.421114078171335e-05]
[9436, 6.421114078171335e-05]
[9437, 6.421114078171335e-05]
[10390, 6.421235851119176e-05]
[6436, 6.421350689939587e-05]
[6437, 6.421350689939587e-05]
[6438, 6.421350689939587e-05]
[8017, 6.42171705132473e-05]
[10295, 6.421752818122903e-05]
[5723, 6.42190100798584e-05]
[8566, 6.422029419572622e-05]
[3988, 6.42207496398674e-05]
[5943, 6.422148292270941e-05]
[8134, 6.42305507039196e-05]
[8136, 6.42305507039196e-05]
[6952, 6.42364631795406e-05]
[7110, 6.423684855259353e-05]
[7111, 6.423684855259353e-05]
[7337, 6.423771858084156e-05]
[3543, 6.423911693461248e-05]
[8932, 6.424218513805647e-05]
[9418, 6.424924087879277e-05]
[9419, 6.424924087879277e-05]
[9420, 6.424924087879277e-05]
[5148, 6.425413838060642e-05]
[9518, 6.426624491037114e-05]
[4841, 6.426668608346337e-05]
[4842, 6.426668608346337e-05]
[366, 6.426979785210371e-05]
[4914, 6.427527844583234e-05]
[7140, 6.427888082362856e-05]
[7142, 6.427888082362856e-05]
[7143, 6.427888082362856e-05]
[7853, 6.428497531143593e-05]
[7855, 6.428497531143593e-05]
[1594, 6.429692901458181e-05]
[7006, 6.43087609587829e-05]
[6503, 6.430907042985964e-05]
[8574, 6.430957829087433e-05]
[8575, 6.430957829087433e-05]
[7577, 6.431870708704709e-05]
[7578, 6.431870708704709e-05]
[2352, 6.431874799815901e-05]
[1413, 6.431919786593519e-05]
[6877, 6.432470457029169e-05]
[7409, 6.432774338777667e-05]
[7410, 6.432774338777667e-05]
[7411, 6.432774338777667e-05]
[3008, 6.432863756130637e-05]
[3011, 6.432863756130637e-05]
[8129, 6.432913572857623e-05]
[9695, 6.432984700232357e-05]
[9698, 6.432984700232357e-05]
[9699, 6.432984700232357e-05]
[9700, 6.432984700232357e-05]
[8780, 6.432999307036823e-05]
[4118, 6.433185429214e-05]
[4865, 6.433865448032868e-05]
[9461, 6.434003004066545e-05]
[9876, 6.434839699575749e-05]
[9877, 6.434839699575749e-05]
[9878, 6.434839699575749e-05]
[4791, 6.435533971030123e-05]
[7782, 6.43561029629231e-05]
[10187, 6.435937322955381e-05]
[7956, 6.436346494714276e-05]
[7958, 6.436346494714276e-05]
[5039, 6.436929146139248e-05]
[119, 6.437270718148081e-05]
[10414, 6.437410903554771e-05]
[7246, 6.437728404754346e-05]
[7247, 6.437728404754346e-05]
[7248, 6.437728404754346e-05]
[8652, 6.43873865638307e-05]
[6546, 6.439181734631277e-05]
[6547, 6.439181734631277e-05]
[6548, 6.439181734631277e-05]
[1256, 6.439882263635261e-05]
[5117, 6.43996416655154e-05]
[8407, 6.440515652695861e-05]
[7634, 6.440771101438655e-05]
[5359, 6.44096765865898e-05]
[7163, 6.441529672625758e-05]
[3358, 6.441994503563497e-05]
[3363, 6.441994503563497e-05]
[9355, 6.442713022388866e-05]
[10555, 6.443271860660575e-05]
[9440, 6.443392303263304e-05]
[9441, 6.443392303263304e-05]
[9283, 6.443835210368283e-05]
[9284, 6.443835210368283e-05]
[704, 6.443911259454992e-05]
[8323, 6.444007079051305e-05]
[8324, 6.444007079051305e-05]
[1640, 6.444457051486714e-05]
[1642, 6.444457051486714e-05]
[8305, 6.44479728581929e-05]
[5429, 6.444846824562743e-05]
[2908, 6.444958718654306e-05]
[6333, 6.44504878701313e-05]
[9191, 6.445229783859663e-05]
[9192, 6.445229783859663e-05]
[7771, 6.446033355744229e-05]
[7772, 6.446033355744229e-05]
[5578, 6.446188175971103e-05]
[5930, 6.446765777421112e-05]
[4667, 6.446981094500643e-05]
[9684, 6.447062715047725e-05]
[9685, 6.447062715047725e-05]
[8535, 6.447375850005761e-05]
[7380, 6.447694424947063e-05]
[2910, 6.448663902291044e-05]
[2913, 6.448663902291044e-05]
[10323, 6.448833787292007e-05]
[10324, 6.448833787292007e-05]
[7407, 6.449065748826804e-05]
[7408, 6.449065748826804e-05]
[1539, 6.44929458517226e-05]
[1540, 6.44929458517226e-05]
[1542, 6.44929458517226e-05]
[7172, 6.449353646770665e-05]
[7175, 6.449353646770665e-05]
[10763, 6.449462847284886e-05]
[10764, 6.449462847284886e-05]
[4773, 6.44955362609272e-05]
[4153, 6.449736556967806e-05]
[5646, 6.449900423473713e-05]
[5647, 6.449900423473713e-05]
[7207, 6.450245672006894e-05]
[7208, 6.450245672006894e-05]
[6082, 6.450309908920277e-05]
[1693, 6.450410458318325e-05]
[1695, 6.450410458318325e-05]
[9274, 6.451152846844998e-05]
[599, 6.452383127623638e-05]
[607, 6.452383127623638e-05]
[7809, 6.452443422899383e-05]
[7810, 6.452443422899383e-05]
[6652, 6.452864587184634e-05]
[2524, 6.453350690619162e-05]
[2526, 6.453350690619162e-05]
[2529, 6.453350690619162e-05]
[7739, 6.453547830031199e-05]
[7740, 6.453547830031199e-05]
[3392, 6.453621617274528e-05]
[3393, 6.453621617274528e-05]
[3395, 6.453621617274528e-05]
[5243, 6.453933963011723e-05]
[5244, 6.453933963011723e-05]
[8799, 6.454203608988189e-05]
[7856, 6.45428086483026e-05]
[7857, 6.45428086483026e-05]
[8729, 6.454603866214316e-05]
[8730, 6.454603866214316e-05]
[8731, 6.454603866214316e-05]
[7675, 6.454629911758637e-05]
[7512, 6.454759754460856e-05]
[7515, 6.454759754460856e-05]
[6845, 6.456379041075758e-05]
[6846, 6.456379041075758e-05]
[6680, 6.456552585450644e-05]
[6617, 6.45665317473842e-05]
[5249, 6.4567136175443e-05]
[5250, 6.4567136175443e-05]
[5251, 6.4567136175443e-05]
[5887, 6.457299534320433e-05]
[5889, 6.457299534320433e-05]
[6027, 6.457486593521882e-05]
[6028, 6.457486593521882e-05]
[10618, 6.4575709393348e-05]
[10619, 6.4575709393348e-05]
[10779, 6.457595322257124e-05]
[10780, 6.457595322257124e-05]
[3104, 6.458099332958994e-05]
[2063, 6.45845150051411e-05]
[7279, 6.459279191837896e-05]
[8811, 6.459384863312174e-05]
[2397, 6.460733054935651e-05]
[2401, 6.460733054935651e-05]
[5348, 6.460735781722583e-05]
[8945, 6.460841620401811e-05]
[7729, 6.460962035896279e-05]
[10260, 6.46112017936266e-05]
[10261, 6.46112017936266e-05]
[2436, 6.461121099448304e-05]
[6427, 6.461496901211404e-05]
[7481, 6.461580606887318e-05]
[5484, 6.461780844631954e-05]
[5253, 6.462184023844241e-05]
[7593, 6.462295765936414e-05]
[7594, 6.462295765936414e-05]
[8276, 6.462337283156485e-05]
[6454, 6.463196932301629e-05]
[8327, 6.463388220084245e-05]
[9027, 6.46354727672059e-05]
[9028, 6.46354727672059e-05]
[9029, 6.46354727672059e-05]
[4508, 6.463717107810432e-05]
[10622, 6.465467516452548e-05]
[8512, 6.465883463594646e-05]
[8514, 6.465883463594646e-05]
[8515, 6.465883463594646e-05]
[8517, 6.465883463594646e-05]
[5573, 6.46590450415634e-05]
[4739, 6.465931558528393e-05]
[4740, 6.465931558528393e-05]
[4741, 6.465931558528393e-05]
[4742, 6.465931558528393e-05]
[1329, 6.465973231228539e-05]
[1331, 6.465973231228539e-05]
[6993, 6.466124830917687e-05]
[7324, 6.466416786442404e-05]
[7325, 6.466416786442404e-05]
[5679, 6.468570363549194e-05]
[8306, 6.468970720420625e-05]
[2218, 6.469331171823776e-05]
[2219, 6.469331171823776e-05]
[1064, 6.469376211759509e-05]
[6858, 6.470600614082153e-05]
[7109, 6.471334724683957e-05]
[1284, 6.472540960977244e-05]
[1285, 6.472540960977244e-05]
[1287, 6.472540960977244e-05]
[6445, 6.472750267833816e-05]
[6446, 6.472750267833816e-05]
[5938, 6.472768563151886e-05]
[5939, 6.472768563151886e-05]
[8220, 6.472882015329754e-05]
[8221, 6.472882015329754e-05]
[8064, 6.473031456772144e-05]
[8065, 6.473031456772144e-05]
[5155, 6.473276491823421e-05]
[10376, 6.473518421036914e-05]
[2464, 6.475040451024189e-05]
[2465, 6.475040451024189e-05]
[7467, 6.475864459741106e-05]
[7469, 6.475864459741106e-05]
[8465, 6.475897901024687e-05]
[6063, 6.475909666618379e-05]
[4852, 6.476067384817905e-05]
[7694, 6.476563062928945e-05]
[9885, 6.476834968840246e-05]
[4004, 6.47709712266789e-05]
[7492, 6.477716392124441e-05]
[7494, 6.477716392124441e-05]
[2800, 6.477916124392397e-05]
[7104, 6.478301310378663e-05]
[4941, 6.47845092209309e-05]
[4942, 6.47845092209309e-05]
[4945, 6.47845092209309e-05]
[111, 6.4786558705943e-05]
[116, 6.4786558705943e-05]
[7123, 6.478957856477708e-05]
[3747, 6.4790882467858e-05]
[8362, 6.479353076914181e-05]
[8363, 6.479353076914181e-05]
[2373, 6.479605245661102e-05]
[8384, 6.480098420883238e-05]
[5430, 6.480223278335408e-05]
[4375, 6.482368651601687e-05]
[7678, 6.48244211628102e-05]
[9676, 6.48294119221375e-05]
[1094, 6.483550110145217e-05]
[1096, 6.483550110145217e-05]
[1098, 6.483550110145217e-05]
[9259, 6.483835932060638e-05]
[9238, 6.484096413553687e-05]
[7414, 6.48439350563348e-05]
[6483, 6.485752383192397e-05]
[6485, 6.485752383192397e-05]
[7424, 6.4862697407332e-05]
[2664, 6.486773105718407e-05]
[5418, 6.486907784225974e-05]
[5419, 6.486907784225974e-05]
[7691, 6.486989815169313e-05]
[144, 6.487762603584566e-05]
[3642, 6.487992227761264e-05]
[5764, 6.488026927957144e-05]
[7039, 6.488666804965504e-05]
[4966, 6.488835742741326e-05]
[2377, 6.489264632220749e-05]
[3497, 6.489291020367557e-05]
[7795, 6.489415947705596e-05]
[5163, 6.489866806933165e-05]
[188, 6.490235700870273e-05]
[3301, 6.490738147436527e-05]
[3302, 6.490738147436527e-05]
[6056, 6.490978276101067e-05]
[6059, 6.490978276101067e-05]
[6060, 6.490978276101067e-05]
[7844, 6.492390230430662e-05]
[3781, 6.493338847843925e-05]
[6616, 6.493343067550739e-05]
[4484, 6.493935671748304e-05]
[4485, 6.493935671748304e-05]
[5063, 6.494292019024672e-05]
[9072, 6.494346334255552e-05]
[9073, 6.494346334255552e-05]
[9074, 6.494346334255552e-05]
[10174, 6.494948260669361e-05]
[8617, 6.495362813965899e-05]
[7148, 6.495385539341058e-05]
[1810, 6.496270962388634e-05]
[1573, 6.49638391209764e-05]
[1576, 6.49638391209764e-05]
[1577, 6.49638391209764e-05]
[7862, 6.496396104513992e-05]
[7001, 6.496680589118613e-05]
[10254, 6.496975082947107e-05]
[10255, 6.496975082947107e-05]
[3740, 6.497652517938893e-05]
[1478, 6.497792303609483e-05]
[1479, 6.497792303609483e-05]
[7618, 6.497804186550837e-05]
[9041, 6.498683898012672e-05]
[9667, 6.498873803523008e-05]
[3431, 6.499174883901483e-05]
[3432, 6.499174883901483e-05]
[3433, 6.499174883901483e-05]
[6588, 6.499499253563283e-05]
[6590, 6.499499253563283e-05]
[6592, 6.499499253563283e-05]
[8057, 6.499519894524161e-05]
[4768, 6.499591606079142e-05]
[5299, 6.500824186541135e-05]
[6342, 6.50116069203919e-05]
[6343, 6.50116069203919e-05]
[6354, 6.501680326297151e-05]
[5851, 6.502086993662305e-05]
[10184, 6.50217365965074e-05]
[5463, 6.503485433659579e-05]
[6603, 6.503926778684627e-05]
[6151, 6.504858235374874e-05]
[6152, 6.504858235374874e-05]
[6153, 6.504858235374874e-05]
[3200, 6.505274291162301e-05]
[3202, 6.505274291162301e-05]
[6232, 6.507528058590707e-05]
[6233, 6.507528058590707e-05]
[5948, 6.507574048992775e-05]
[7812, 6.507885904477984e-05]
[7813, 6.507885904477984e-05]
[1869, 6.508026972983846e-05]
[1147, 6.508307826511872e-05]
[4915, 6.508590410688058e-05]
[2706, 6.508695354608022e-05]
[2708, 6.508695354608022e-05]
[5780, 6.508947988216847e-05]
[7952, 6.510375720931877e-05]
[10242, 6.510609603488067e-05]
[6146, 6.510919757019418e-05]
[5892, 6.511564674404265e-05]
[9431, 6.511569605025381e-05]
[2106, 6.511777933525869e-05]
[2110, 6.511777933525869e-05]
[7537, 6.51190609188962e-05]
[4439, 6.513385979525678e-05]
[9111, 6.51354872824639e-05]
[9932, 6.514308621765935e-05]
[9933, 6.514308621765935e-05]
[906, 6.514503337599403e-05]
[1149, 6.514708110678531e-05]
[5937, 6.514815618624186e-05]
[2199, 6.515107234488861e-05]
[2206, 6.515107234488861e-05]
[6838, 6.515264144874262e-05]
[6141, 6.515457864623671e-05]
[3214, 6.515581332222235e-05]
[4487, 6.516501734512724e-05]
[6144, 6.516671392918646e-05]
[7907, 6.516744084662897e-05]
[9950, 6.517045983131895e-05]
[7229, 6.517398860100735e-05]
[7231, 6.517398860100735e-05]
[5428, 6.51800502849183e-05]
[6619, 6.518137507511461e-05]
[7931, 6.518143893090036e-05]
[7933, 6.518143893090036e-05]
[7162, 6.518624665519614e-05]
[7610, 6.518686306415052e-05]
[8048, 6.519014678389536e-05]
[8049, 6.519014678389536e-05]
[8050, 6.519014678389536e-05]
[5410, 6.519125624658803e-05]
[207, 6.519518889709244e-05]
[210, 6.519518889709244e-05]
[212, 6.519518889709244e-05]
[3566, 6.519962549891298e-05]
[3567, 6.519962549891298e-05]
[6962, 6.520184096293961e-05]
[1734, 6.520186721012768e-05]
[1735, 6.520186721012768e-05]
[1736, 6.520186721012768e-05]
[7861, 6.520784368404048e-05]
[10458, 6.52089047018697e-05]
[3644, 6.521088388979414e-05]
[5845, 6.521246316204883e-05]
[5846, 6.521246316204883e-05]
[5847, 6.521246316204883e-05]
[2080, 6.521549393716639e-05]
[2084, 6.521549393716639e-05]
[82, 6.521702293905744e-05]
[7266, 6.521896449053941e-05]
[5805, 6.522021237238501e-05]
[7054, 6.522146744375116e-05]
[8167, 6.522795712013661e-05]
[7722, 6.523666095910042e-05]
[9783, 6.523801037058472e-05]
[4253, 6.52460103224055e-05]
[1889, 6.526595180899614e-05]
[6389, 6.527149936823607e-05]
[5171, 6.5271550387674e-05]
[5174, 6.5271550387674e-05]
[5175, 6.5271550387674e-05]
[6320, 6.527712791097687e-05]
[7663, 6.528709074977603e-05]
[7664, 6.528709074977603e-05]
[1270, 6.528906521276964e-05]
[1271, 6.528906521276964e-05]
[1273, 6.528906521276964e-05]
[9219, 6.529917391959422e-05]
[9220, 6.529917391959422e-05]
[4995, 6.530289011706977e-05]
[7926, 6.530343047968919e-05]
[6475, 6.530424421905136e-05]
[6476, 6.530424421905136e-05]
[4923, 6.531028925975032e-05]
[4924, 6.531028925975032e-05]
[4925, 6.531028925975032e-05]
[7489, 6.531052844888563e-05]
[858, 6.531450300972951e-05]
[5974, 6.531930755897414e-05]
[5975, 6.531930755897414e-05]
[5977, 6.531930755897414e-05]
[7667, 6.532259293726177e-05]
[3666, 6.532820108977428e-05]
[3667, 6.532820108977428e-05]
[4961, 6.532840500526974e-05]
[4963, 6.532840500526974e-05]
[2630, 6.533040321424637e-05]
[6655, 6.53310670566515e-05]
[2833, 6.533417930234956e-05]
[2834, 6.533417930234956e-05]
[2839, 6.533417930234956e-05]
[7516, 6.53387061325476e-05]
[156, 6.533941826471124e-05]
[163, 6.533941826471124e-05]
[6227, 6.534078549113526e-05]
[6228, 6.534078549113526e-05]
[387, 6.534079452065464e-05]
[7848, 6.534095183803593e-05]
[6713, 6.534802762770902e-05]
[6714, 6.534802762770902e-05]
[6183, 6.535159074778766e-05]
[3863, 6.535232329006474e-05]
[8678, 6.53561367954912e-05]
[9816, 6.535777046048144e-05]
[9817, 6.535777046048144e-05]
[4726, 6.535885993877442e-05]
[4730, 6.535885993877442e-05]
[5012, 6.536957455671021e-05]
[5014, 6.536957455671021e-05]
[5495, 6.537399666596566e-05]
[5496, 6.537399666596566e-05]
[4567, 6.537853724101616e-05]
[7137, 6.538203986003913e-05]
[5853, 6.538264684277241e-05]
[5855, 6.538264684277241e-05]
[5856, 6.538264684277241e-05]
[6756, 6.538781739465073e-05]
[1482, 6.539924783835567e-05]
[7744, 6.540893192623258e-05]
[7746, 6.540893192623258e-05]
[7944, 6.541376822693156e-05]
[7946, 6.541376822693156e-05]
[1076, 6.542285022121842e-05]
[1081, 6.542285022121842e-05]
[1684, 6.542659685512504e-05]
[6044, 6.543025034401563e-05]
[8346, 6.54304653287616e-05]
[3538, 6.543446401551049e-05]
[5538, 6.543463501012553e-05]
[7413, 6.543490662116139e-05]
[6317, 6.544232183442981e-05]
[1092, 6.544324880434027e-05]
[5034, 6.544882213410106e-05]
[5035, 6.544882213410106e-05]
[5037, 6.544882213410106e-05]
[7665, 6.544902526664083e-05]
[7666, 6.544902526664083e-05]
[7852, 6.545116066762995e-05]
[7189, 6.545169352863884e-05]
[5613, 6.546691640230118e-05]
[5671, 6.546767578136456e-05]
[8533, 6.547580746234015e-05]
[5599, 6.547682532868252e-05]
[5602, 6.547682532868252e-05]
[5603, 6.547682532868252e-05]
[6571, 6.548595316109965e-05]
[2879, 6.548702136486885e-05]
[9889, 6.549047115188205e-05]
[9890, 6.549047115188205e-05]
[7336, 6.550029884175236e-05]
[6930, 6.550149928771196e-05]
[7630, 6.550207737530649e-05]
[1674, 6.550396998411068e-05]
[1679, 6.550396998411068e-05]
[5235, 6.551349823346564e-05]
[3410, 6.551527062760599e-05]
[6750, 6.552891738309485e-05]
[6751, 6.552891738309485e-05]
[8696, 6.553929822541536e-05]
[8697, 6.553929822541536e-05]
[5291, 6.554108830970151e-05]
[7974, 6.5543092821251e-05]
[3836, 6.55498325719168e-05]
[4177, 6.555842809384068e-05]
[4178, 6.555842809384068e-05]
[6130, 6.555936888557404e-05]
[6131, 6.555936888557404e-05]
[7619, 6.556989979772915e-05]
[8925, 6.557238046125366e-05]
[8560, 6.557867170857182e-05]
[7105, 6.558146141686528e-05]
[8412, 6.558594605835915e-05]
[7636, 6.559107394777286e-05]
[7637, 6.559107394777286e-05]
[7638, 6.559107394777286e-05]
[1035, 6.559173021592892e-05]
[1038, 6.559173021592892e-05]
[1043, 6.559173021592892e-05]
[4452, 6.559320107649737e-05]
[4453, 6.559320107649737e-05]
[4454, 6.559320107649737e-05]
[4455, 6.559320107649737e-05]
[4456, 6.559320107649737e-05]
[4457, 6.559320107649737e-05]
[4458, 6.559320107649737e-05]
[5076, 6.559885697227658e-05]
[5077, 6.559885697227658e-05]
[5078, 6.559885697227658e-05]
[10448, 6.560671296272289e-05]
[1696, 6.561026790633568e-05]
[7523, 6.562420995205324e-05]
[4604, 6.563673866265066e-05]
[2697, 6.564033355604435e-05]
[6831, 6.564204172523846e-05]
[6337, 6.564388504076838e-05]
[8369, 6.565236091558388e-05]
[3973, 6.565348611690945e-05]
[56, 6.565875067850188e-05]
[3653, 6.565947090152837e-05]
[3172, 6.566593132028306e-05]
[5112, 6.566627816880395e-05]
[4043, 6.566718011496092e-05]
[10010, 6.567452843525268e-05]
[10011, 6.567452843525268e-05]
[10012, 6.567452843525268e-05]
[5220, 6.567757463552169e-05]
[5222, 6.567757463552169e-05]
[1567, 6.567804285759702e-05]
[7657, 6.568606525898941e-05]
[7658, 6.568606525898941e-05]
[5713, 6.568659921320172e-05]
[8341, 6.569139194973481e-05]
[9417, 6.570847987702717e-05]
[9929, 6.571056750685568e-05]
[9930, 6.571056750685568e-05]
[9931, 6.571056750685568e-05]
[2974, 6.57382814916305e-05]
[6282, 6.574888292634844e-05]
[9588, 6.5749379538605e-05]
[8688, 6.575065298374539e-05]
[8689, 6.575065298374539e-05]
[3771, 6.575082494461162e-05]
[3773, 6.575082494461162e-05]
[9552, 6.575350419760453e-05]
[3964, 6.576273620081579e-05]
[2575, 6.577378917595932e-05]
[2576, 6.577378917595932e-05]
[9982, 6.577417375036233e-05]
[6497, 6.577644134233558e-05]
[6498, 6.577644134233558e-05]
[6499, 6.577644134233558e-05]
[6501, 6.577644134233558e-05]
[6502, 6.577644134233558e-05]
[8701, 6.57819167098989e-05]
[8702, 6.57819167098989e-05]
[8705, 6.57819167098989e-05]
[8706, 6.57819167098989e-05]
[3283, 6.581394998569592e-05]
[3286, 6.581394998569592e-05]
[8548, 6.581640321354496e-05]
[8550, 6.581640321354496e-05]
[4106, 6.583339278358329e-05]
[6376, 6.583511900976714e-05]
[4906, 6.583651809791789e-05]
[4908, 6.583651809791789e-05]
[10851, 6.583866468226203e-05]
[5176, 6.583996515829365e-05]
[5177, 6.583996515829365e-05]
[5178, 6.583996515829365e-05]
[6692, 6.584285675980664e-05]
[6693, 6.584285675980664e-05]
[6695, 6.584285675980664e-05]
[1901, 6.584711838782878e-05]
[4265, 6.586064430754437e-05]
[4266, 6.586064430754437e-05]
[4267, 6.586064430754437e-05]
[6123, 6.586428869861171e-05]
[6187, 6.586780456263896e-05]
[1420, 6.587749423925784e-05]
[2558, 6.588605135328775e-05]
[7322, 6.588644684198102e-05]
[6321, 6.588943040899724e-05]
[8004, 6.589022506574838e-05]
[1649, 6.589729333355509e-05]
[1650, 6.589729333355509e-05]
[1651, 6.589729333355509e-05]
[6192, 6.590605722002458e-05]
[7572, 6.590841236198383e-05]
[8937, 6.591332812941611e-05]
[6307, 6.591677698455719e-05]
[1434, 6.591691331920909e-05]
[1436, 6.591691331920909e-05]
[1437, 6.591691331920909e-05]
[1438, 6.591691331920909e-05]
[7527, 6.592802419940341e-05]
[2095, 6.592931293803173e-05]
[6494, 6.594921217860676e-05]
[7672, 6.59504587435655e-05]
[6869, 6.596165406008012e-05]
[708, 6.596511848855303e-05]
[1671, 6.596941189296668e-05]
[968, 6.597357788017832e-05]
[6782, 6.597539872967679e-05]
[8871, 6.599123064016143e-05]
[8872, 6.599123064016143e-05]
[5042, 6.59915007571483e-05]
[7758, 6.600501259207584e-05]
[7759, 6.600501259207584e-05]
[7760, 6.600501259207584e-05]
[7761, 6.600501259207584e-05]
[7762, 6.600501259207584e-05]
[7763, 6.600501259207584e-05]
[7764, 6.600501259207584e-05]
[7765, 6.600501259207584e-05]
[7766, 6.600501259207584e-05]
[9163, 6.601176220111197e-05]
[4132, 6.603629577913285e-05]
[10334, 6.603740336489589e-05]
[7323, 6.604006596762584e-05]
[7164, 6.605050136835171e-05]
[5268, 6.605100359404169e-05]
[3796, 6.605254933819814e-05]
[7354, 6.605573423307873e-05]
[6216, 6.605666645663853e-05]
[7441, 6.606300144840099e-05]
[6092, 6.606336278283586e-05]
[8085, 6.606892694237417e-05]
[6989, 6.606916819221781e-05]
[6990, 6.606916819221781e-05]
[9248, 6.607045561092428e-05]
[9249, 6.607045561092428e-05]
[9250, 6.607045561092428e-05]
[9251, 6.607045561092428e-05]
[3612, 6.607348621420222e-05]
[6526, 6.607750169634436e-05]
[7406, 6.608715354057402e-05]
[7080, 6.609486686947607e-05]
[7082, 6.609486686947607e-05]
[7083, 6.609486686947607e-05]
[7084, 6.609486686947607e-05]
[6844, 6.609549330288644e-05]
[6721, 6.610398823635519e-05]
[9853, 6.610408161794243e-05]
[995, 6.611407254292589e-05]
[5400, 6.612779901104969e-05]
[9491, 6.613072698842297e-05]
[5923, 6.613413315319553e-05]
[9222, 6.614127509669375e-05]
[2418, 6.614239066363603e-05]
[4663, 6.614661849348563e-05]
[954, 6.615089882096036e-05]
[10210, 6.615345328560304e-05]
[10211, 6.615345328560304e-05]
[10212, 6.615345328560304e-05]
[10213, 6.615345328560304e-05]
[10214, 6.615345328560304e-05]
[10215, 6.615345328560304e-05]
[10216, 6.615345328560304e-05]
[10217, 6.615345328560304e-05]
[10218, 6.615345328560304e-05]
[10219, 6.615345328560304e-05]
[6442, 6.615697840326945e-05]
[6443, 6.615697840326945e-05]
[3080, 6.616629933198023e-05]
[3081, 6.616629933198023e-05]
[5668, 6.616753896200353e-05]
[5669, 6.616753896200353e-05]
[2622, 6.617964019516738e-05]
[2538, 6.618357601584296e-05]
[7829, 6.619930690366235e-05]
[3491, 6.62061418047801e-05]
[3493, 6.62061418047801e-05]
[541, 6.622954391340901e-05]
[5582, 6.623668435576163e-05]
[5741, 6.625903158785996e-05]
[805, 6.626337241665451e-05]
[9568, 6.626513907029893e-05]
[1517, 6.626896408277861e-05]
[1519, 6.626896408277861e-05]
[7603, 6.627028391641195e-05]
[5202, 6.627083310473334e-05]
[6177, 6.627283782691569e-05]
[918, 6.627749558887159e-05]
[8422, 6.628209373052863e-05]
[5127, 6.628485007208723e-05]
[9016, 6.628810979539196e-05]
[9019, 6.628810979539196e-05]
[4222, 6.631095461792619e-05]
[6272, 6.631196583082964e-05]
[6273, 6.631196583082964e-05]
[297, 6.631611410446724e-05]
[8852, 6.632630181185006e-05]
[8853, 6.632630181185006e-05]
[8855, 6.632630181185006e-05]
[8856, 6.632630181185006e-05]
[9567, 6.632811348388126e-05]
[6478, 6.632826465748396e-05]
[2000, 6.633448313444133e-05]
[3700, 6.633811868758317e-05]
[3702, 6.633811868758317e-05]
[6134, 6.634680689339934e-05]
[9895, 6.635517523679405e-05]
[3159, 6.636385858607557e-05]
[3161, 6.636385858607557e-05]
[3833, 6.636652484578217e-05]
[3834, 6.636652484578217e-05]
[6768, 6.637905640797197e-05]
[9828, 6.63801928515902e-05]
[6972, 6.638101876045779e-05]
[5593, 6.638493574856394e-05]
[5906, 6.638715313660917e-05]
[4636, 6.638796125579557e-05]
[4545, 6.639238518930459e-05]
[4547, 6.639238518930459e-05]
[7668, 6.639251566553962e-05]
[7670, 6.639251566553962e-05]
[8960, 6.6393937465386e-05]
[8961, 6.6393937465386e-05]
[8604, 6.64025496166891e-05]
[4540, 6.640335365362317e-05]
[4541, 6.640335365362317e-05]
[4543, 6.640335365362317e-05]
[5435, 6.640459909488149e-05]
[1865, 6.640812454147788e-05]
[6745, 6.641018797959296e-05]
[7242, 6.641190180284792e-05]
[7243, 6.641190180284792e-05]
[7165, 6.641299447564716e-05]
[5969, 6.641557394660672e-05]
[5971, 6.641557394660672e-05]
[7785, 6.642395119790164e-05]
[7321, 6.642462970554411e-05]
[10229, 6.644691549931821e-05]
[5912, 6.644818129941636e-05]
[5914, 6.644818129941636e-05]
[9809, 6.644930033890216e-05]
[10375, 6.645446459588604e-05]
[7871, 6.645974036904341e-05]
[3198, 6.646109563054078e-05]
[7749, 6.647316306146332e-05]
[7750, 6.647316306146332e-05]
[2652, 6.647723634472067e-05]
[2655, 6.647723634472067e-05]
[2657, 6.647723634472067e-05]
[2916, 6.648444307203307e-05]
[2918, 6.648444307203307e-05]
[6274, 6.649119072441239e-05]
[8139, 6.652031997315362e-05]
[6667, 6.6540927323481e-05]
[6668, 6.6540927323481e-05]
[8762, 6.654384137118249e-05]
[2171, 6.657395011211577e-05]
[7382, 6.659238938824089e-05]
[5519, 6.659269449480672e-05]
[5827, 6.659440264858332e-05]
[6621, 6.659485157051215e-05]
[6999, 6.65959165733583e-05]
[7459, 6.659678674988701e-05]
[7460, 6.659678674988701e-05]
[8264, 6.660501648932396e-05]
[2971, 6.660943679084596e-05]
[2972, 6.660943679084596e-05]
[2189, 6.660972020367771e-05]
[6949, 6.660983893220976e-05]
[5280, 6.661077376157781e-05]
[5281, 6.661077376157781e-05]
[3749, 6.661079541480484e-05]
[3751, 6.661079541480484e-05]
[6463, 6.661967748313739e-05]
[2935, 6.66251134900833e-05]
[4069, 6.663868343344175e-05]
[4070, 6.663868343344175e-05]
[4071, 6.663868343344175e-05]
[4072, 6.663868343344175e-05]
[4073, 6.663868343344175e-05]
[4074, 6.663868343344175e-05]
[4075, 6.663868343344175e-05]
[4076, 6.663868343344175e-05]
[10197, 6.664377872609887e-05]
[10198, 6.664377872609887e-05]
[10199, 6.664377872609887e-05]
[4834, 6.664885087548491e-05]
[7838, 6.665254859251996e-05]
[7839, 6.665254859251996e-05]
[5501, 6.668399057776639e-05]
[9400, 6.668499870403034e-05]
[1298, 6.66868070958613e-05]
[4400, 6.669590556971094e-05]
[4401, 6.669590556971094e-05]
[6871, 6.670594037339018e-05]
[6872, 6.670594037339018e-05]
[5404, 6.671078995351101e-05]
[4633, 6.67169908975176e-05]
[10558, 6.671996951590855e-05]
[10559, 6.671996951590855e-05]
[10560, 6.671996951590855e-05]
[5304, 6.672612856779709e-05]
[6589, 6.673010579037205e-05]
[5138, 6.673914983246711e-05]
[5448, 6.674741198215826e-05]
[5449, 6.674741198215826e-05]
[2645, 6.676410345700512e-05]
[2648, 6.676410345700512e-05]
[3866, 6.67720196683026e-05]
[3868, 6.67720196683026e-05]
[557, 6.677548905806975e-05]
[563, 6.677548905806975e-05]
[9529, 6.678442749428501e-05]
[3788, 6.679148074291738e-05]
[4517, 6.679597214149058e-05]
[4647, 6.679853580783042e-05]
[5870, 6.680942590315856e-05]
[7576, 6.681862870906727e-05]
[8128, 6.681894015431925e-05]
[8635, 6.682173913791727e-05]
[2609, 6.682331410134398e-05]
[2610, 6.682331410134398e-05]
[2611, 6.682331410134398e-05]
[2613, 6.682331410134398e-05]
[96, 6.682839491086046e-05]
[10165, 6.682843306944218e-05]
[4734, 6.683804804508364e-05]
[8795, 6.683827542324293e-05]
[8796, 6.683827542324293e-05]
[8955, 6.684795095273215e-05]
[8956, 6.684795095273215e-05]
[3501, 6.68605336894932e-05]
[3505, 6.68605336894932e-05]
[3506, 6.68605336894932e-05]
[6795, 6.687045969293476e-05]
[6796, 6.687045969293476e-05]
[6797, 6.687045969293476e-05]
[8255, 6.687819226643859e-05]
[5632, 6.688078889566209e-05]
[5634, 6.688078889566209e-05]
[7284, 6.68817554988626e-05]
[6366, 6.688315662940312e-05]
[2593, 6.688525333719846e-05]
[5108, 6.690688979798711e-05]
[3879, 6.691656402560807e-05]
[5752, 6.691998704618058e-05]
[5753, 6.691998704618058e-05]
[5471, 6.692079500093594e-05]
[3397, 6.69216466296504e-05]
[6074, 6.692563153626838e-05]
[7508, 6.695670804708483e-05]
[10274, 6.695810025294575e-05]
[10275, 6.695810025294575e-05]
[7713, 6.695980173891807e-05]
[8820, 6.696079299736727e-05]
[8821, 6.696079299736727e-05]
[9315, 6.697307145034954e-05]
[7589, 6.697872811366255e-05]
[8, 6.698905795316284e-05]
[7220, 6.700152458287482e-05]
[21, 6.700259114460692e-05]
[24, 6.700259114460692e-05]
[28, 6.700259114460692e-05]
[4668, 6.700812831073147e-05]
[4669, 6.700812831073147e-05]
[4670, 6.700812831073147e-05]
[4671, 6.700812831073147e-05]
[5133, 6.70085275470838e-05]
[2313, 6.701284801541134e-05]
[2185, 6.702470225798829e-05]
[2187, 6.702470225798829e-05]
[5952, 6.702643604710365e-05]
[4904, 6.704401848333755e-05]
[5834, 6.704566752617844e-05]
[2951, 6.7056118117861e-05]
[5094, 6.706490859640381e-05]
[5097, 6.706490859640381e-05]
[6241, 6.706841739341595e-05]
[6539, 6.70740510472486e-05]
[6540, 6.70740510472486e-05]
[6542, 6.70740510472486e-05]
[4001, 6.708000507319745e-05]
[253, 6.708026949479775e-05]
[255, 6.708026949479775e-05]
[1066, 6.708092090318792e-05]
[1068, 6.708092090318792e-05]
[1071, 6.708092090318792e-05]
[5535, 6.70835105752658e-05]
[4873, 6.708528278908592e-05]
[2459, 6.708893071269683e-05]
[4119, 6.71025576998943e-05]
[4029, 6.711183371405422e-05]
[5370, 6.714103504505044e-05]
[3460, 6.714777839780776e-05]
[3553, 6.71673216176751e-05]
[4766, 6.71727546117036e-05]
[5489, 6.717766580198226e-05]
[6495, 6.717899785668156e-05]
[882, 6.718148417748091e-05]
[4561, 6.718198933631055e-05]
[4563, 6.718198933631055e-05]
[8111, 6.718598051760874e-05]
[6855, 6.719128759785286e-05]
[6856, 6.719128759785286e-05]
[9985, 6.7203084206659e-05]
[6948, 6.723638499798142e-05]
[7477, 6.724489331918715e-05]
[2382, 6.726367215467573e-05]
[3444, 6.726861579439729e-05]
[4018, 6.726864440622395e-05]
[4021, 6.726864440622395e-05]
[9838, 6.727561531365541e-05]
[5786, 6.728285821928042e-05]
[6697, 6.729955799016795e-05]
[6698, 6.729955799016795e-05]
[7659, 6.730156450083187e-05]
[7660, 6.730156450083187e-05]
[6229, 6.730658787512882e-05]
[8102, 6.73181180764468e-05]
[2676, 6.73327038408353e-05]
[3042, 6.733513803141132e-05]
[3043, 6.733513803141132e-05]
[4164, 6.734866897971389e-05]
[8840, 6.734959443327243e-05]
[3121, 6.735944303796534e-05]
[3576, 6.736312463357798e-05]
[7553, 6.736332335046127e-05]
[3163, 6.737352302347698e-05]
[6819, 6.739540820663326e-05]
[10444, 6.740323975190825e-05]
[10445, 6.740323975190825e-05]
[682, 6.741223506879783e-05]
[10492, 6.741680484511942e-05]
[3816, 6.74181200628439e-05]
[7717, 6.741917638342418e-05]
[9531, 6.74294582130754e-05]
[10808, 6.742951725863308e-05]
[10735, 6.742951725879247e-05]
[10360, 6.742959367164327e-05]
[10050, 6.743007751626155e-05]
[10052, 6.743007751626155e-05]
[10416, 6.743024903406535e-05]
[10271, 6.743058177013094e-05]
[10082, 6.743086514911581e-05]
[9679, 6.743418455855911e-05]
[10315, 6.743423922266883e-05]
[5801, 6.743486991792427e-05]
[10478, 6.743567459384642e-05]
[10590, 6.743681423614666e-05]
[9266, 6.743685711385973e-05]
[10118, 6.744168756136454e-05]
[10857, 6.744251927168535e-05]
[10858, 6.744251927168535e-05]
[7815, 6.744314789412992e-05]
[10636, 6.744393785761954e-05]
[8950, 6.744613974980879e-05]
[10873, 6.744997853643001e-05]
[9280, 6.745420496094212e-05]
[9304, 6.745544514056755e-05]
[7176, 6.745552579252861e-05]
[8344, 6.745763776013924e-05]
[10233, 6.745835022636644e-05]
[2321, 6.745913254202416e-05]
[2322, 6.745913254202416e-05]
[9161, 6.745976344836608e-05]
[9794, 6.746130729696872e-05]
[10418, 6.746249156078939e-05]
[7473, 6.746255004746505e-05]
[10566, 6.746267387698076e-05]
[10567, 6.746267845507253e-05]
[8308, 6.746300660762067e-05]
[10551, 6.746314956296005e-05]
[5409, 6.746560617931198e-05]
[7202, 6.746616197351661e-05]
[10642, 6.747424829987191e-05]
[10803, 6.748041906119511e-05]
[7747, 6.748239216186563e-05]
[8830, 6.748452067147651e-05]
[10583, 6.748904554100112e-05]
[9787, 6.74893917889959e-05]
[9224, 6.749158386085525e-05]
[10708, 6.749501325365148e-05]
[8826, 6.749780979091393e-05]
[10379, 6.750020641937847e-05]
[10380, 6.750020641937847e-05]
[9292, 6.750030248282728e-05]
[9295, 6.750030248282728e-05]
[10781, 6.750062214398164e-05]
[10133, 6.750597761421335e-05]
[9956, 6.750768682180597e-05]
[10699, 6.751050076035137e-05]
[9967, 6.75129666062397e-05]
[9267, 6.75147295838195e-05]
[9753, 6.751509220734753e-05]
[10578, 6.751975963282321e-05]
[5210, 6.752002397532291e-05]
[9303, 6.752163423557089e-05]
[8131, 6.752297368871384e-05]
[6760, 6.752411742391617e-05]
[10524, 6.752812100758692e-05]
[10525, 6.752812100758692e-05]
[10599, 6.752952853077233e-05]
[6964, 6.753032040090191e-05]
[6965, 6.753032040090191e-05]
[6648, 6.753183871094408e-05]
[6649, 6.753183871094408e-05]
[9766, 6.753855331626942e-05]
[9871, 6.75421140173824e-05]
[8943, 6.754342407381078e-05]
[9158, 6.754596499075235e-05]
[4316, 6.754853555030268e-05]
[9767, 6.755008195141815e-05]
[10072, 6.755217264839836e-05]
[10413, 6.755640138444757e-05]
[3271, 6.755673723119599e-05]
[7888, 6.755968622837827e-05]
[9868, 6.75606257242032e-05]
[9555, 6.75616688919358e-05]
[4023, 6.756556559279147e-05]
[4025, 6.756556559279147e-05]
[4026, 6.756556559279147e-05]
[6509, 6.756687831860464e-05]
[4756, 6.756742247002635e-05]
[9719, 6.756752115696505e-05]
[9179, 6.75685725765313e-05]
[9180, 6.75685725765313e-05]
[9181, 6.75685725765313e-05]
[5373, 6.756931093496875e-05]
[5374, 6.756931093496875e-05]
[9653, 6.756956739121432e-05]
[9510, 6.757005894502466e-05]
[8096, 6.757109332128743e-05]
[10588, 6.757128162683202e-05]
[8303, 6.757177305568611e-05]
[1161, 6.757311255517002e-05]
[1162, 6.757311255517002e-05]
[1163, 6.757311255517002e-05]
[10004, 6.757373087233803e-05]
[8492, 6.757772108064316e-05]
[8493, 6.757772108064316e-05]
[6832, 6.757776988394393e-05]
[10304, 6.758449001530272e-05]
[10507, 6.758649533773239e-05]
[8138, 6.758655858222773e-05]
[7550, 6.758778012934559e-05]
[9957, 6.758860278955164e-05]
[10128, 6.759685763086587e-05]
[8506, 6.760070642698686e-05]
[10617, 6.760207174418943e-05]
[10265, 6.760641120814092e-05]
[9406, 6.760659490535984e-05]
[10294, 6.760879087251962e-05]
[9987, 6.76102637225095e-05]
[10425, 6.761545676775019e-05]
[10790, 6.761881494313334e-05]
[9124, 6.762159449249936e-05]
[398, 6.762352336529031e-05]
[6826, 6.762866506592201e-05]
[9291, 6.763051207573062e-05]
[7993, 6.763139856856085e-05]
[9155, 6.7635948576861e-05]
[4323, 6.763639948773719e-05]
[5729, 6.763876543692294e-05]
[9718, 6.76418809946424e-05]
[4860, 6.764504047906919e-05]
[4516, 6.764665272585565e-05]
[10131, 6.764921641313327e-05]
[10534, 6.765145058086912e-05]
[8648, 6.765188297201004e-05]
[9549, 6.765305507916513e-05]
[2544, 6.76532909502021e-05]
[7793, 6.765622563206013e-05]
[2780, 6.765630228709262e-05]
[9955, 6.766002679519634e-05]
[2700, 6.766534825387192e-05]
[10728, 6.766593903164005e-05]
[1380, 6.766728855159824e-05]
[5159, 6.767013690155257e-05]
[5162, 6.767013690155257e-05]
[9444, 6.767044854642084e-05]
[9514, 6.767464220790552e-05]
[2688, 6.767652737323283e-05]
[10231, 6.767654137551098e-05]
[9411, 6.769052266994175e-05]
[10612, 6.769234653245701e-05]
[8815, 6.76949985578793e-05]
[5324, 6.770158285080487e-05]
[8649, 6.770384850447253e-05]
[8651, 6.770384850447253e-05]
[8543, 6.770390854395945e-05]
[3597, 6.770810804601526e-05]
[7144, 6.770987158446042e-05]
[8287, 6.771442671684499e-05]
[4725, 6.771898725268457e-05]
[3457, 6.771900755816604e-05]
[5905, 6.772011048983195e-05]
[10023, 6.772039349132483e-05]
[991, 6.772156711401815e-05]
[9318, 6.772477492192397e-05]
[2302, 6.77262552671027e-05]
[2303, 6.77262552671027e-05]
[2305, 6.77262552671027e-05]
[8262, 6.773089354507817e-05]
[425, 6.774040160195885e-05]
[10234, 6.774282126861011e-05]
[2894, 6.7759800504299e-05]
[5685, 6.77657537339221e-05]
[9504, 6.776721585752027e-05]
[6517, 6.777900785160447e-05]
[9429, 6.778297849279061e-05]
[5080, 6.779010981679994e-05]
[8153, 6.77917232706498e-05]
[8156, 6.77917232706498e-05]
[3401, 6.779778203439232e-05]
[944, 6.780561385450784e-05]
[3509, 6.780879189190746e-05]
[8349, 6.781532064303701e-05]
[6624, 6.781727701320135e-05]
[6626, 6.781727701320135e-05]
[6630, 6.781727701320135e-05]
[6963, 6.782209633458091e-05]
[8483, 6.78259581074583e-05]
[8485, 6.78259581074583e-05]
[8486, 6.78259581074583e-05]
[9200, 6.783007747159943e-05]
[6521, 6.783181132927274e-05]
[10663, 6.78398833439395e-05]
[10664, 6.78398833439395e-05]
[10665, 6.78398833439395e-05]
[10497, 6.784397498835417e-05]
[8460, 6.784697219756577e-05]
[9046, 6.784796400132029e-05]
[2891, 6.7851819932688e-05]
[3150, 6.785852900857258e-05]
[10523, 6.78601539812767e-05]
[104, 6.786076888993926e-05]
[7797, 6.787107704088337e-05]
[10363, 6.787385624319048e-05]
[10240, 6.78752129541151e-05]
[9612, 6.787584520953682e-05]
[4620, 6.787881358095944e-05]
[8176, 6.788438047519169e-05]
[8957, 6.788461393630544e-05]
[4473, 6.789185662835539e-05]
[4474, 6.789185662835539e-05]
[4476, 6.789185662835539e-05]
[10629, 6.789494256734325e-05]
[10337, 6.789793437056031e-05]
[10446, 6.789877146857742e-05]
[10727, 6.790072519049028e-05]
[831, 6.790152758926801e-05]
[9162, 6.790263064756111e-05]
[873, 6.79074878707458e-05]
[8782, 6.790829870554116e-05]
[6840, 6.791004796892303e-05]
[8570, 6.791329308538296e-05]
[9637, 6.791423956238181e-05]
[9521, 6.791649382370964e-05]
[9409, 6.791688991893145e-05]
[5247, 6.791891606398946e-05]
[9187, 6.792093452326681e-05]
[9869, 6.792106569464536e-05]
[9858, 6.792368491064389e-05]
[8480, 6.792571269612778e-05]
[2001, 6.79303385402237e-05]
[2003, 6.79303385402237e-05]
[10624, 6.79320031743729e-05]
[10644, 6.793267418281896e-05]
[9851, 6.793514088432876e-05]
[9316, 6.793755382719672e-05]
[8416, 6.794409495902778e-05]
[10422, 6.794536407966267e-05]
[7531, 6.79483846031409e-05]
[10356, 6.794875075680622e-05]
[3403, 6.795044930865561e-05]
[8881, 6.795230234457455e-05]
[10124, 6.795414682681459e-05]
[7925, 6.795640087471294e-05]
[10382, 6.795648545729537e-05]
[10173, 6.795732889004515e-05]
[8022, 6.795852009077199e-05]
[8023, 6.795852009077199e-05]
[10047, 6.795901523901323e-05]
[9194, 6.796433238751526e-05]
[9387, 6.796500427747283e-05]
[3463, 6.79656358124346e-05]
[9592, 6.796810699496726e-05]
[4676, 6.797201254326537e-05]
[8358, 6.797880269408468e-05]
[4901, 6.798233925780548e-05]
[4902, 6.798233925780548e-05]
[9323, 6.798317777595245e-05]
[7348, 6.798385217613645e-05]
[10250, 6.798485401431202e-05]
[10754, 6.798507057889361e-05]
[8664, 6.798582529358776e-05]
[10182, 6.798670602030771e-05]
[9175, 6.798771460850812e-05]
[10726, 6.798980737254924e-05]
[9843, 6.799015624801662e-05]
[10286, 6.79919011623744e-05]
[9911, 6.799355128472048e-05]
[8835, 6.799851371722523e-05]
[10441, 6.801423539725562e-05]
[8580, 6.801556681565941e-05]
[2741, 6.801581251504088e-05]
[2742, 6.801581251504088e-05]
[6957, 6.802237599854824e-05]
[4661, 6.802352184944507e-05]
[9408, 6.802415195726072e-05]
[9445, 6.80255815758649e-05]
[10371, 6.802908517230322e-05]
[10249, 6.80292809229899e-05]
[10775, 6.803287480405007e-05]
[8084, 6.803331614674008e-05]
[9819, 6.804416548175997e-05]
[10170, 6.804600373133137e-05]
[9037, 6.804686979385058e-05]
[8947, 6.804732161078544e-05]
[7166, 6.804821862545382e-05]
[9063, 6.805177597486725e-05]
[9983, 6.80519921839264e-05]
[8296, 6.805534091418403e-05]
[1559, 6.80672176889926e-05]
[9011, 6.806760098246983e-05]
[9476, 6.806841115090243e-05]
[8099, 6.807295387309962e-05]
[5061, 6.807410967821925e-05]
[7784, 6.807534628724362e-05]
[4716, 6.807682390754887e-05]
[9964, 6.808025891685337e-05]
[9650, 6.808869488055994e-05]
[8194, 6.808963021848548e-05]
[10592, 6.809164151832553e-05]
[8948, 6.80928173257919e-05]
[9799, 6.80960738512054e-05]
[9756, 6.809956793035312e-05]
[9448, 6.810106345818194e-05]
[10031, 6.810478425037884e-05]
[10032, 6.810478425037884e-05]
[10033, 6.810478425037884e-05]
[10034, 6.810478425037884e-05]
[4619, 6.810803648246513e-05]
[7351, 6.811264105472745e-05]
[2980, 6.811466238890164e-05]
[7070, 6.811596926222152e-05]
[9339, 6.81163869281458e-05]
[9405, 6.81205608538686e-05]
[7075, 6.812191885935162e-05]
[5944, 6.812662473926572e-05]
[6710, 6.812694262282518e-05]
[9823, 6.812817189226608e-05]
[1837, 6.813334039138768e-05]
[8198, 6.813678503721769e-05]
[8647, 6.813891356100326e-05]
[9150, 6.813928821252014e-05]
[7908, 6.814104971223696e-05]
[6091, 6.814660939026855e-05]
[10391, 6.815044130189538e-05]
[10300, 6.815522209598463e-05]
[8060, 6.815827597936927e-05]
[7204, 6.816166259317e-05]
[8746, 6.816210016886135e-05]
[9582, 6.81629822385462e-05]
[9533, 6.816636500763761e-05]
[10660, 6.817521805685583e-05]
[8230, 6.817593162539394e-05]
[10659, 6.817743895925184e-05]
[6558, 6.818715476451818e-05]
[8013, 6.81910279142416e-05]
[10373, 6.819337277811249e-05]
[10185, 6.819356690370553e-05]
[6708, 6.820217230271662e-05]
[5272, 6.820421179562974e-05]
[10132, 6.820676872850109e-05]
[3575, 6.820843492544094e-05]
[8008, 6.820888134017355e-05]
[8009, 6.820888134017355e-05]
[10257, 6.820900533853162e-05]
[4991, 6.821152735152573e-05]
[8259, 6.821213415221347e-05]
[8438, 6.821784308900101e-05]
[1290, 6.822033896886924e-05]
[5688, 6.822336849686639e-05]
[5689, 6.822336849686639e-05]
[10494, 6.822879899167321e-05]
[8556, 6.823368509537367e-05]
[5989, 6.823413290588844e-05]
[5990, 6.823413290588844e-05]
[5991, 6.823413290588844e-05]
[5992, 6.823413290588844e-05]
[5993, 6.823413290588844e-05]
[5994, 6.823413290588844e-05]
[2129, 6.824317357024626e-05]
[2134, 6.824317357024626e-05]
[2136, 6.824317357024626e-05]
[10706, 6.824357476920293e-05]
[9731, 6.8246823292586e-05]
[4527, 6.82493256101873e-05]
[8367, 6.825333515156556e-05]
[10053, 6.825693683423908e-05]
[10055, 6.825693683423908e-05]
[10056, 6.825693683423908e-05]
[10058, 6.825693683423908e-05]
[5790, 6.825759759856192e-05]
[9594, 6.825908083607057e-05]
[1844, 6.825936844799542e-05]
[7733, 6.826194919672127e-05]
[6264, 6.826384461003356e-05]
[3957, 6.826479189226722e-05]
[8204, 6.82683635858847e-05]
[5910, 6.82688741841274e-05]
[9892, 6.827008318561442e-05]
[10352, 6.827823012358528e-05]
[135, 6.827934931974292e-05]
[575, 6.828120859800995e-05]
[9045, 6.828151261311296e-05]
[8963, 6.829200812626781e-05]
[4445, 6.830720133736522e-05]
[6980, 6.830721957954839e-05]
[2368, 6.83075948064208e-05]
[2369, 6.83075948064208e-05]
[10338, 6.830946513089667e-05]
[9968, 6.831460216370694e-05]
[6593, 6.831481641234707e-05]
[6594, 6.831481641234707e-05]
[6595, 6.831481641234707e-05]
[6596, 6.831481641234707e-05]
[6597, 6.831481641234707e-05]
[6598, 6.831481641234707e-05]
[6599, 6.831481641234707e-05]
[9481, 6.831527657027046e-05]
[9975, 6.831555881743281e-05]
[9951, 6.831613781833366e-05]
[6267, 6.832043134453048e-05]
[9749, 6.832121817211876e-05]
[9383, 6.832420862097448e-05]
[7961, 6.832500259080041e-05]
[1990, 6.832622038705878e-05]
[1991, 6.832622038705878e-05]
[9160, 6.832930877743331e-05]
[9848, 6.833740683220545e-05]
[10226, 6.83420746602491e-05]
[5074, 6.834790181321147e-05]
[7097, 6.835309589057803e-05]
[7099, 6.835309589057803e-05]
[7100, 6.835309589057803e-05]
[4273, 6.835475816213526e-05]
[9290, 6.83549562901705e-05]
[6657, 6.83551077396442e-05]
[7878, 6.835623477162054e-05]
[7587, 6.836100943530133e-05]
[7430, 6.836419508077292e-05]
[5464, 6.836534899503358e-05]
[5490, 6.837282500861596e-05]
[5492, 6.837282500861596e-05]
[4287, 6.837313732177795e-05]
[9088, 6.837878137223643e-05]
[6332, 6.837971920464495e-05]
[9880, 6.838525931614403e-05]
[5549, 6.838976005094922e-05]
[5551, 6.838976005094922e-05]
[5552, 6.838976005094922e-05]
[5554, 6.838976005094922e-05]
[7069, 6.839084051710733e-05]
[8218, 6.839691277776158e-05]
[2210, 6.839711128105708e-05]
[8926, 6.84119740119772e-05]
[3860, 6.841235022461997e-05]
[9432, 6.841913198133088e-05]
[9627, 6.842385373816704e-05]
[9728, 6.843649047204149e-05]
[218, 6.843671002031971e-05]
[9345, 6.843896795073287e-05]
[9641, 6.84417045716513e-05]
[9642, 6.84417045716513e-05]
[4221, 6.844229037107516e-05]
[10327, 6.844344914916244e-05]
[10548, 6.84453232837237e-05]
[9396, 6.844940425529136e-05]
[9397, 6.844940425529136e-05]
[10251, 6.84495609102332e-05]
[5595, 6.845009459512363e-05]
[3034, 6.84507407481811e-05]
[3039, 6.84507407481811e-05]
[4833, 6.845364975648882e-05]
[9039, 6.845608545980562e-05]
[6631, 6.846253944953095e-05]
[6633, 6.846253944953095e-05]
[9130, 6.846367674845701e-05]
[9193, 6.846398858706393e-05]
[9142, 6.846515113369265e-05]
[9049, 6.846737178267285e-05]
[3713, 6.847618701694808e-05]
[9496, 6.847934143304193e-05]
[7685, 6.848295334669805e-05]
[8656, 6.848487255502945e-05]
[8901, 6.848626629429813e-05]
[4642, 6.849476447808367e-05]
[8562, 6.849965744302615e-05]
[10141, 6.850001898842076e-05]
[1023, 6.850191701488226e-05]
[1457, 6.850668963195309e-05]
[1913, 6.850669739136232e-05]
[3938, 6.850789563973925e-05]
[8753, 6.850876145432172e-05]
[1792, 6.851257528833896e-05]
[7964, 6.851611974644649e-05]
[9100, 6.851885702795132e-05]
[8251, 6.852903954917664e-05]
[8833, 6.853024823728362e-05]
[7390, 6.853191844127864e-05]
[7271, 6.853212407994117e-05]
[7274, 6.853212407994117e-05]
[9233, 6.85325385097465e-05]
[8659, 6.853537511981406e-05]
[8248, 6.853657848303294e-05]
[3188, 6.853681321602998e-05]
[3190, 6.853681321602998e-05]
[3192, 6.853681321602998e-05]
[3947, 6.853738290087469e-05]
[7452, 6.853940500712468e-05]
[10066, 6.85398210236729e-05]
[9137, 6.85401582936476e-05]
[4213, 6.854154067412095e-05]
[7803, 6.854418445670383e-05]
[8234, 6.85479424299029e-05]
[8909, 6.854800063392975e-05]
[4708, 6.854833612522673e-05]
[7384, 6.854897727317617e-05]
[4722, 6.855172402432755e-05]
[8844, 6.855599480901935e-05]
[6563, 6.856060919869425e-05]
[352, 6.856303225543598e-05]
[9169, 6.856649642029365e-05]
[7725, 6.857019277444443e-05]
[5698, 6.858901502974798e-05]
[9032, 6.859722371448065e-05]
[7124, 6.859904030389161e-05]
[8628, 6.860088154794779e-05]
[4776, 6.860096162389229e-05]
[8143, 6.860168620610624e-05]
[4082, 6.860266272809134e-05]
[6752, 6.86065115401339e-05]
[6754, 6.86065115401339e-05]
[1431, 6.86095255198253e-05]
[8031, 6.861030294798675e-05]
[8032, 6.861030294798675e-05]
[9151, 6.861816909723075e-05]
[3661, 6.862692500442052e-05]
[6363, 6.86278991008776e-05]
[6296, 6.862891983167398e-05]
[9004, 6.862892685368035e-05]
[9758, 6.862954181115772e-05]
[1804, 6.863037695358695e-05]
[6205, 6.863393266367934e-05]
[845, 6.863418556805579e-05]
[9230, 6.863421816865942e-05]
[8499, 6.863620186749663e-05]
[7602, 6.86415907730514e-05]
[5311, 6.86479767199059e-05]
[6457, 6.865341120765336e-05]
[9148, 6.865694553874135e-05]
[5431, 6.866399856458493e-05]
[9077, 6.866877208890034e-05]
[6835, 6.867026537339464e-05]
[6836, 6.867026537339464e-05]
[7644, 6.867113580198827e-05]
[10221, 6.86724256544087e-05]
[9398, 6.867266019581793e-05]
[4063, 6.867441605219469e-05]
[4068, 6.867441605219469e-05]
[8645, 6.867691673377071e-05]
[9020, 6.867704826186005e-05]
[231, 6.867967808251924e-05]
[8219, 6.868013768601595e-05]
[5290, 6.868449127339753e-05]
[9947, 6.868558592560618e-05]
[9793, 6.86886223284117e-05]
[9678, 6.86888417845355e-05]
[7995, 6.868964314937357e-05]
[8279, 6.869243388785448e-05]
[4360, 6.869376953231543e-05]
[5122, 6.869392751063908e-05]
[8558, 6.870154885456335e-05]
[7213, 6.870397732643333e-05]
[8158, 6.870748543282094e-05]
[6640, 6.871158971511051e-05]
[7837, 6.8711652637096e-05]
[7387, 6.871496069643188e-05]
[10633, 6.871762116075322e-05]
[9076, 6.871957220532055e-05]
[2480, 6.8723863993619e-05]
[9096, 6.872566605340552e-05]
[7200, 6.873119751550663e-05]
[7076, 6.873212824782201e-05]
[6020, 6.874178323713702e-05]
[6045, 6.874245982071789e-05]
[8238, 6.87424967849341e-05]
[9363, 6.874280462133137e-05]
[7689, 6.87445753934369e-05]
[9235, 6.87530379186683e-05]
[9801, 6.875468480596246e-05]
[6820, 6.875655465964623e-05]
[7987, 6.875980866040071e-05]
[9287, 6.876090890894088e-05]
[10613, 6.876157427652648e-05]
[7027, 6.876863954029269e-05]
[5556, 6.877265163519128e-05]
[8471, 6.877344625091052e-05]
[6940, 6.87740107026902e-05]
[6942, 6.87740107026902e-05]
[10670, 6.877451698186014e-05]
[9712, 6.877647015879833e-05]
[5361, 6.877728686540451e-05]
[6742, 6.877827849688006e-05]
[6743, 6.877827849688006e-05]
[9055, 6.877840983328623e-05]
[10308, 6.878702533184737e-05]
[4879, 6.879104552055277e-05]
[4880, 6.879104552055277e-05]
[4881, 6.879104552055277e-05]
[4882, 6.879104552055277e-05]
[4883, 6.879104552055277e-05]
[4884, 6.879104552055277e-05]
[4885, 6.879104552055277e-05]
[4887, 6.879104552055277e-05]
[7915, 6.879208821918532e-05]
[10039, 6.880216857045067e-05]
[8911, 6.880903193167558e-05]
[4748, 6.882380370693784e-05]
[5278, 6.882406225473529e-05]
[9993, 6.882964033701501e-05]
[6778, 6.883207812469327e-05]
[2482, 6.883556631421219e-05]
[3233, 6.883910695711375e-05]
[8379, 6.884155478627676e-05]
[6325, 6.884816081115007e-05]
[8976, 6.885721485953177e-05]
[1702, 6.885965513411696e-05]
[1707, 6.885965513411696e-05]
[5785, 6.886086678965213e-05]
[8151, 6.886357395002512e-05]
[2246, 6.886411147715869e-05]
[9424, 6.886537873938011e-05]
[3902, 6.888431400354073e-05]
[8507, 6.889153867312609e-05]
[767, 6.889392272649256e-05]
[3977, 6.889445881033419e-05]
[3979, 6.889445881033419e-05]
[3981, 6.889445881033419e-05]
[8818, 6.889820735150638e-05]
[8573, 6.889823501404409e-05]
[7356, 6.890045915186691e-05]
[8873, 6.89009333360133e-05]
[5317, 6.890182545554141e-05]
[8606, 6.890494930866113e-05]
[153, 6.89071167877028e-05]
[8690, 6.890900958693685e-05]
[6805, 6.891736845102466e-05]
[10394, 6.892135279900294e-05]
[6775, 6.892493683666942e-05]
[5203, 6.892636455005392e-05]
[6399, 6.893079379164001e-05]
[8716, 6.89330981429863e-05]
[8442, 6.893567489801709e-05]
[8443, 6.893567489801709e-05]
[7241, 6.893900656915054e-05]
[6194, 6.894368948249958e-05]
[5705, 6.895798975688556e-05]
[9939, 6.895827699995741e-05]
[7753, 6.89628060098882e-05]
[9670, 6.896290980093959e-05]
[8540, 6.896508073883691e-05]
[3895, 6.896717507181836e-05]
[9330, 6.896727898712598e-05]
[9331, 6.89746362000053e-05]
[9384, 6.897771407427223e-05]
[8133, 6.897924095624877e-05]
[5003, 6.89813624245607e-05]
[5004, 6.89813624245607e-05]
[5005, 6.89813624245607e-05]
[4877, 6.898326839773134e-05]
[4878, 6.898326839773134e-05]
[5761, 6.898445509132453e-05]
[5762, 6.898445509132453e-05]
[5661, 6.898553632562721e-05]
[6365, 6.898863419045823e-05]
[10106, 6.89930745654288e-05]
[7066, 6.899329439032743e-05]
[9761, 6.899493441462528e-05]
[9762, 6.899493441462528e-05]
[6785, 6.899974148834109e-05]
[4338, 6.90026862491102e-05]
[4339, 6.90026862491102e-05]
[4423, 6.900722225665511e-05]
[8721, 6.900888596243766e-05]
[9306, 6.900937007310895e-05]
[632, 6.901681834638652e-05]
[4968, 6.90173600112222e-05]
[10188, 6.90177296237585e-05]
[4724, 6.90205113241413e-05]
[9701, 6.902086089262105e-05]
[9607, 6.902927564920652e-05]
[4167, 6.902971877069633e-05]
[4168, 6.902971877069633e-05]
[6411, 6.903026622084064e-05]
[3152, 6.903269238713347e-05]
[8319, 6.903294624306582e-05]
[9404, 6.903750959132417e-05]
[2905, 6.905187998741848e-05]
[6762, 6.905209516157456e-05]
[8216, 6.907860228651307e-05]
[915, 6.908127374591992e-05]
[6009, 6.908859877423202e-05]
[5196, 6.908987415864223e-05]
[4080, 6.909276138684829e-05]
[6901, 6.909802979582734e-05]
[6413, 6.909944953280704e-05]
[9269, 6.909961154802562e-05]
[5722, 6.911262535596688e-05]
[4346, 6.911335123979895e-05]
[8930, 6.911750249394734e-05]
[8931, 6.911750249394734e-05]
[8704, 6.912135225784151e-05]
[4639, 6.912227326143397e-05]
[8583, 6.912400937098548e-05]
[1505, 6.912927967945347e-05]
[8707, 6.913064237970108e-05]
[3228, 6.913526820328478e-05]
[7428, 6.913873454870833e-05]
[7913, 6.913965125412984e-05]
[4325, 6.914140469488982e-05]
[4797, 6.914236461143552e-05]
[4799, 6.914236461143552e-05]
[6958, 6.914656629476387e-05]
[6885, 6.915485909685242e-05]
[5644, 6.915928297820667e-05]
[5736, 6.917148651363185e-05]
[9227, 6.917295706646336e-05]
[6774, 6.917527587793095e-05]
[8429, 6.91759284824041e-05]
[7953, 6.918001442565934e-05]
[4721, 6.918101863058136e-05]
[6981, 6.918148990835531e-05]
[9360, 6.919468612595454e-05]
[4848, 6.91954581626615e-05]
[8892, 6.920516748210338e-05]
[4570, 6.920608543333768e-05]
[6312, 6.921175382118344e-05]
[4348, 6.921413580553956e-05]
[6564, 6.921809439553724e-05]
[6135, 6.92210403412138e-05]
[6166, 6.922223323388341e-05]
[2150, 6.922474104184131e-05]
[7648, 6.922799436444207e-05]
[7776, 6.923086477102273e-05]
[7018, 6.923415138493963e-05]
[2183, 6.923800111870804e-05]
[4463, 6.924103027588648e-05]
[10695, 6.924550893838862e-05]
[5516, 6.92644978837648e-05]
[4532, 6.926890673679222e-05]
[8724, 6.927062075793105e-05]
[10017, 6.927339778251244e-05]
[8676, 6.927382095483672e-05]
[3519, 6.927468430437972e-05]
[7506, 6.928002937033993e-05]
[8332, 6.929775821964761e-05]
[2477, 6.930177161224513e-05]
[740, 6.930376799805022e-05]
[8036, 6.930407595688485e-05]
[8640, 6.930476318418421e-05]
[10770, 6.930687837315354e-05]
[8756, 6.93154954554594e-05]
[10291, 6.931872269486623e-05]
[7699, 6.932161938261466e-05]
[9362, 6.932185400117289e-05]
[10014, 6.933299898012165e-05]
[6860, 6.93339256493828e-05]
[271, 6.933884421701825e-05]
[9334, 6.933886813261776e-05]
[5956, 6.935623480520259e-05]
[3656, 6.93595998268857e-05]
[3657, 6.93595998268857e-05]
[6419, 6.93636471619235e-05]
[9697, 6.93664063567528e-05]
[5758, 6.936704580772076e-05]
[3817, 6.937023168831027e-05]
[3818, 6.937023168831027e-05]
[3820, 6.937023168831027e-05]
[3823, 6.937023168831027e-05]
[7802, 6.937121358257113e-05]
[5414, 6.937311185895806e-05]
[8441, 6.938544110165733e-05]
[6415, 6.939702505795617e-05]
[10193, 6.940097152190265e-05]
[4332, 6.940482203926378e-05]
[9376, 6.94107205090159e-05]
[5335, 6.941278763032154e-05]
[8094, 6.941839562147387e-05]
[8159, 6.942061918307498e-05]
[7224, 6.942680097123398e-05]
[9543, 6.942914874582257e-05]
[7252, 6.943317101820311e-05]
[7210, 6.943609283719333e-05]
[7141, 6.943836374104164e-05]
[5115, 6.943885580641404e-05]
[4446, 6.945636970757442e-05]
[4449, 6.945636970757442e-05]
[4450, 6.945636970757442e-05]
[9875, 6.945703838664447e-05]
[10163, 6.946447952894456e-05]
[6262, 6.947988322369911e-05]
[1645, 6.94808241084079e-05]
[4093, 6.948908588117729e-05]
[9353, 6.948988323458817e-05]
[5751, 6.949502246172765e-05]
[6435, 6.950108500667666e-05]
[1301, 6.950189025457635e-05]
[2481, 6.950240348980983e-05]
[5368, 6.951350598363879e-05]
[9298, 6.951565579125095e-05]
[9971, 6.952396180008174e-05]
[9900, 6.952621235250713e-05]
[706, 6.952688836572282e-05]
[441, 6.953334211205735e-05]
[1688, 6.953622984727403e-05]
[9165, 6.954153993843824e-05]
[10019, 6.954269822831159e-05]
[3801, 6.954948793434021e-05]
[6085, 6.955699434568044e-05]
[9666, 6.956447583198255e-05]
[3049, 6.957594717210809e-05]
[8376, 6.958079352063126e-05]
[3779, 6.958141213408261e-05]
[5098, 6.958408764762964e-05]
[5099, 6.958408764762964e-05]
[5100, 6.958408764762964e-05]
[5101, 6.958408764762964e-05]
[5102, 6.958408764762964e-05]
[5103, 6.958408764762964e-05]
[5104, 6.958408764762964e-05]
[5105, 6.958408764762964e-05]
[7350, 6.958582196533535e-05]
[9831, 6.958878862599636e-05]
[4124, 6.959144123447487e-05]
[6766, 6.959146237721993e-05]
[9207, 6.959270909566643e-05]
[5469, 6.959537180423439e-05]
[8432, 6.959902042590547e-05]
[8433, 6.959902042590547e-05]
[4645, 6.960017191871937e-05]
[4795, 6.960929544291586e-05]
[4796, 6.960929544291586e-05]
[9455, 6.961123451958113e-05]
[2020, 6.96119147201691e-05]
[5230, 6.961551162539387e-05]
[8798, 6.961855425382933e-05]
[7706, 6.962116340342984e-05]
[417, 6.962677823028691e-05]
[2615, 6.963217101929405e-05]
[2616, 6.963217101929405e-05]
[9118, 6.96322712039571e-05]
[2405, 6.963909087667334e-05]
[2407, 6.963909087667334e-05]
[7811, 6.965285258628312e-05]
[126, 6.966034664570168e-05]
[8694, 6.96605647107472e-05]
[2030, 6.967095119866243e-05]
[1587, 6.967220692725819e-05]
[1591, 6.967220692725819e-05]
[6062, 6.967304208877862e-05]
[8373, 6.967824042935446e-05]
[8374, 6.967824042935446e-05]
[6394, 6.96803112211791e-05]
[4933, 6.968065934219664e-05]
[4934, 6.968065934219664e-05]
[4935, 6.968065934219664e-05]
[9035, 6.968155652688978e-05]
[7916, 6.968660549572933e-05]
[6905, 6.969229333073615e-05]
[4298, 6.969327788592179e-05]
[6651, 6.969807092922744e-05]
[5571, 6.970160094430323e-05]
[4470, 6.970182244447525e-05]
[5069, 6.97051995704201e-05]
[4296, 6.970720799657339e-05]
[4489, 6.970855432792973e-05]
[9813, 6.970961064817073e-05]
[8895, 6.971066030580527e-05]
[8877, 6.97154039232188e-05]
[7701, 6.971617834297415e-05]
[2046, 6.971624776791446e-05]
[2047, 6.971624776791446e-05]
[2024, 6.971649090570265e-05]
[5514, 6.971697973686397e-05]
[9253, 6.971758494885905e-05]
[9254, 6.971758494885905e-05]
[9255, 6.971758494885905e-05]
[9256, 6.971758494885905e-05]
[9257, 6.971758494885905e-05]
[5525, 6.97323803177146e-05]
[3878, 6.973624140489613e-05]
[10377, 6.974366548218982e-05]
[8534, 6.974497650529251e-05]
[8466, 6.975367668167888e-05]
[9014, 6.975373003976403e-05]
[9195, 6.97582571742467e-05]
[7402, 6.97592159123363e-05]
[3536, 6.976475443196748e-05]
[5328, 6.977126179887564e-05]
[6301, 6.97721255469755e-05]
[7495, 6.978407167376251e-05]
[2163, 6.978620669754799e-05]
[9030, 6.979337344720414e-05]
[8751, 6.979450611808462e-05]
[7544, 6.979484276745888e-05]
[8385, 6.979568188026438e-05]
[6987, 6.97966560418825e-05]
[1920, 6.980038287414061e-05]
[6341, 6.980211093080176e-05]
[1497, 6.980422402874717e-05]
[6055, 6.980505453457893e-05]
[7320, 6.981129766973444e-05]
[9942, 6.981323076929854e-05]
[3882, 6.981460509538908e-05]
[6829, 6.981464876125414e-05]
[5383, 6.98150967868579e-05]
[7113, 6.981592509785057e-05]
[6545, 6.981704299771955e-05]
[7596, 6.981843472676216e-05]
[8359, 6.982135379858718e-05]
[8589, 6.98219088124367e-05]
[6925, 6.982726995273387e-05]
[7655, 6.983300404762929e-05]
[4422, 6.983530759515337e-05]
[8502, 6.98389126763883e-05]
[8504, 6.98389126763883e-05]
[8505, 6.98389126763883e-05]
[9584, 6.983936796113749e-05]
[4778, 6.984437996637433e-05]
[2293, 6.984949590389617e-05]
[4081, 6.985030889684262e-05]
[2399, 6.986153652019393e-05]
[5581, 6.986613392986627e-05]
[4979, 6.987164542763644e-05]
[9517, 6.988217968933731e-05]
[6995, 6.988909051937492e-05]
[7898, 6.989987047614394e-05]
[8180, 6.990155829692262e-05]
[9482, 6.99042160769663e-05]
[4943, 6.99195900233598e-05]
[1200, 6.992267428606138e-05]
[10281, 6.992933252596568e-05]
[6484, 6.993356546989004e-05]
[1260, 6.993462976697393e-05]
[9456, 6.993489165584341e-05]
[10405, 6.994046571197826e-05]
[10407, 6.994046571197826e-05]
[4523, 6.994170829436875e-05]
[6086, 6.994231158905054e-05]
[8191, 6.99587208589176e-05]
[1122, 6.996095811565107e-05]
[7690, 6.996309180193862e-05]
[5706, 6.996737415752968e-05]
[8859, 6.998104703309421e-05]
[7437, 6.998313920955537e-05]
[3362, 6.998622747715472e-05]
[3137, 6.998677321270571e-05]
[3138, 6.998677321270571e-05]
[3140, 6.998677321270571e-05]
[4783, 6.999177771207214e-05]
[7503, 6.999641694524694e-05]
[2687, 6.999842709573713e-05]
[4130, 7.000205633768275e-05]
[4920, 7.000211430530112e-05]
[5474, 7.000389683707182e-05]
[9469, 7.000783001195612e-05]
[5732, 7.001079034697256e-05]
[8261, 7.00165024727495e-05]
[1779, 7.001929925796469e-05]
[10121, 7.00230182485982e-05]
[5792, 7.00230427939607e-05]
[7559, 7.003033772740071e-05]
[6070, 7.003081667203758e-05]
[9710, 7.003155820815733e-05]
[9711, 7.003155820815733e-05]
[6387, 7.003369652267268e-05]
[8326, 7.00337069841202e-05]
[8616, 7.003773536322659e-05]
[6892, 7.004064569758892e-05]
[6971, 7.004314113312337e-05]
[7622, 7.004698384053912e-05]
[7623, 7.004698384053912e-05]
[5882, 7.00567865093051e-05]
[10501, 7.00609109143686e-05]
[9054, 7.006651909499815e-05]
[6834, 7.006730758114749e-05]
[1942, 7.007153868237605e-05]
[7695, 7.007236193799602e-05]
[7222, 7.007270442618905e-05]
[9438, 7.007382836291853e-05]
[181, 7.007518286845204e-05]
[8171, 7.007539305114367e-05]
[7403, 7.009152071605952e-05]
[8190, 7.009602671803583e-05]
[9120, 7.009848374859255e-05]
[6639, 7.009997421136033e-05]
[7449, 7.010479064716073e-05]
[6551, 7.010585604322775e-05]
[8921, 7.01090709040195e-05]
[9332, 7.01095791924362e-05]
[9333, 7.01095791924362e-05]
[2253, 7.011249074918973e-05]
[9544, 7.011517797189399e-05]
[5648, 7.011619919594279e-05]
[8281, 7.012168459033848e-05]
[10348, 7.012714255065074e-05]
[10195, 7.012735608453251e-05]
[4479, 7.012959860010876e-05]
[7941, 7.013059753635863e-05]
[6290, 7.0133124455033e-05]
[6318, 7.013324169558691e-05]
[8513, 7.013883615503193e-05]
[4710, 7.014366647990628e-05]
[5893, 7.014578117327347e-05]
[3211, 7.015059238077464e-05]
[5375, 7.015167867651805e-05]
[2200, 7.0162237028812e-05]
[1133, 7.01691524685927e-05]
[6862, 7.017438311952224e-05]
[6837, 7.017669020162307e-05]
[5833, 7.018519625025366e-05]
[4840, 7.018650945063909e-05]
[5092, 7.019056658000775e-05]
[10142, 7.019918473727643e-05]
[10144, 7.019918473727643e-05]
[4857, 7.020593866439091e-05]
[8100, 7.021125380968823e-05]
[3240, 7.021302694484233e-05]
[8904, 7.021609834146786e-05]
[3360, 7.022485777738154e-05]
[8394, 7.022820951943127e-05]
[1754, 7.023494932833563e-05]
[9668, 7.023702997293769e-05]
[2214, 7.02376131580936e-05]
[2038, 7.02417325084871e-05]
[2041, 7.02417325084871e-05]
[8894, 7.024250471798101e-05]
[3129, 7.024525945084949e-05]
[9949, 7.024576388538155e-05]
[8951, 7.024633992390389e-05]
[2801, 7.024740891514782e-05]
[8428, 7.02478401623647e-05]
[10457, 7.024811629407074e-05]
[10456, 7.024811884276832e-05]
[4586, 7.024912037140837e-05]
[5316, 7.025787687843014e-05]
[9279, 7.025837052891605e-05]
[6677, 7.027321212532487e-05]
[9523, 7.027593674231279e-05]
[2804, 7.028392120957233e-05]
[4291, 7.028664359098199e-05]
[7534, 7.029168304285383e-05]
[2229, 7.029470595009775e-05]
[6907, 7.029527647586135e-05]
[5936, 7.030498287084023e-05]
[7056, 7.031529185326677e-05]
[4944, 7.031725185914355e-05]
[549, 7.03184032068394e-05]
[7845, 7.032867720257697e-05]
[9188, 7.033412522817147e-05]
[7480, 7.034519300631727e-05]
[5334, 7.036723161767628e-05]
[4272, 7.03688859345455e-05]
[6025, 7.037173497124456e-05]
[4974, 7.037461363341199e-05]
[6429, 7.03763989512136e-05]
[2328, 7.03821691590759e-05]
[9990, 7.039009951918067e-05]
[6057, 7.039296844293313e-05]
[2583, 7.039677250147767e-05]
[496, 7.040426144818226e-05]
[5618, 7.041307635094739e-05]
[3243, 7.0414686937566e-05]
[4060, 7.042239116979953e-05]
[5320, 7.04239752829479e-05]
[5440, 7.042562894213236e-05]
[4689, 7.043683903288107e-05]
[3365, 7.044544888124692e-05]
[3367, 7.044544888124692e-05]
[3409, 7.04485878296491e-05]
[6335, 7.044896622550983e-05]
[1569, 7.045371860807926e-05]
[584, 7.045514399961535e-05]
[2829, 7.045695750530525e-05]
[2434, 7.045942700135952e-05]
[5502, 7.047057520230843e-05]
[7258, 7.047827432023847e-05]
[8680, 7.049554768867342e-05]
[5815, 7.04996642286365e-05]
[5197, 7.050108138816424e-05]
[1051, 7.050914734173599e-05]
[4009, 7.051282755068671e-05]
[4011, 7.051282755068671e-05]
[2147, 7.05159609216211e-05]
[7190, 7.051777817878433e-05]
[4911, 7.052400374155094e-05]
[5013, 7.052428839933034e-05]
[7767, 7.052577749303747e-05]
[2276, 7.052605544550178e-05]
[2277, 7.052605544550178e-05]
[4387, 7.052675148373847e-05]
[7117, 7.054323257507567e-05]
[8108, 7.055479288802e-05]
[8532, 7.055663361045972e-05]
[4684, 7.057810129343713e-05]
[5467, 7.057819086314427e-05]
[7017, 7.058238548684279e-05]
[3352, 7.058313663822057e-05]
[3733, 7.058945149548711e-05]
[6482, 7.0592285126124e-05]
[1885, 7.059337756397873e-05]
[1887, 7.059337756397873e-05]
[999, 7.060011010683207e-05]
[1002, 7.060011010683207e-05]
[10449, 7.060149661657468e-05]
[10450, 7.060154948959263e-05]
[6319, 7.061131052849293e-05]
[2717, 7.061233739523761e-05]
[5465, 7.061360552482944e-05]
[6189, 7.061513242035745e-05]
[4589, 7.062186464066374e-05]
[2880, 7.062272583512779e-05]
[5239, 7.062465024234243e-05]
[7984, 7.062739775327812e-05]
[7584, 7.062851056316342e-05]
[5308, 7.062865300556733e-05]
[7479, 7.063642568860853e-05]
[6830, 7.063687825210821e-05]
[7973, 7.064217494986947e-05]
[3636, 7.066436557794719e-05]
[5822, 7.067645584062656e-05]
[7938, 7.068080209471874e-05]
[4781, 7.068455810872107e-05]
[9727, 7.068765523890898e-05]
[8476, 7.068776873533229e-05]
[6138, 7.069694000654431e-05]
[5445, 7.070525524639219e-05]
[5150, 7.070607203834622e-05]
[799, 7.071486928570448e-05]
[6147, 7.072025005754397e-05]
[5667, 7.072677730539425e-05]
[1040, 7.073067810014764e-05]
[5470, 7.073172470736826e-05]
[4871, 7.073316338745221e-05]
[4872, 7.073316338745221e-05]
[10018, 7.074598983097363e-05]
[6538, 7.075996496279289e-05]
[3303, 7.076182439646762e-05]
[3784, 7.076499023761009e-05]
[7727, 7.077151871455341e-05]
[1181, 7.077710713706699e-05]
[4440, 7.077717545161854e-05]
[4442, 7.077717545161854e-05]
[3500, 7.078720284136182e-05]
[5919, 7.078728108580063e-05]
[7707, 7.079445159848962e-05]
[8051, 7.079596313799784e-05]
[1572, 7.079625995714181e-05]
[7251, 7.080343613087658e-05]
[773, 7.080369867781319e-05]
[8677, 7.080410222992499e-05]
[2838, 7.080594820504551e-05]
[6976, 7.080780197074205e-05]
[6977, 7.080780197074205e-05]
[6473, 7.081284722302694e-05]
[7532, 7.081841778604347e-05]
[645, 7.082104029232307e-05]
[5011, 7.083782222793407e-05]
[9649, 7.084001222006604e-05]
[6694, 7.084124699574811e-05]
[7716, 7.084664533145923e-05]
[3846, 7.085630070710795e-05]
[8527, 7.085780292383777e-05]
[5813, 7.08747164826673e-05]
[4994, 7.088178942946155e-05]
[7471, 7.08865990386292e-05]
[9470, 7.089549840277174e-05]
[4471, 7.089623880542924e-05]
[8615, 7.089628685630174e-05]
[9640, 7.089630451879101e-05]
[8473, 7.090143410431095e-05]
[8474, 7.090143410431095e-05]
[3512, 7.091450987017819e-05]
[3383, 7.091743552204857e-05]
[9835, 7.092467360792218e-05]
[6712, 7.092479647957718e-05]
[4635, 7.09317856545346e-05]
[1059, 7.093321496934673e-05]
[7945, 7.093374754612299e-05]
[651, 7.093401622599701e-05]
[9042, 7.093684562106393e-05]
[2406, 7.093727987732592e-05]
[7216, 7.094778903660027e-05]
[10262, 7.094906858829397e-05]
[4607, 7.09511021084917e-05]
[7357, 7.09535831168413e-05]
[6459, 7.096016246561825e-05]
[9557, 7.096427804472753e-05]
[9558, 7.096427804472753e-05]
[8757, 7.098446329717841e-05]
[4774, 7.09865756017676e-05]
[8411, 7.099072095662949e-05]
[6051, 7.099194036964317e-05]
[5377, 7.099269371961027e-05]
[5965, 7.099282396302033e-05]
[6128, 7.099305414115472e-05]
[4170, 7.099468605302272e-05]
[2715, 7.099696004750994e-05]
[6357, 7.099705920872788e-05]
[5931, 7.099973155794808e-05]
[47, 7.100801220629172e-05]
[4771, 7.100847769174796e-05]
[3487, 7.101202406638749e-05]
[1621, 7.102172905671032e-05]
[6174, 7.102472419505873e-05]
[6884, 7.102901686875521e-05]
[8410, 7.103010543307918e-05]
[9478, 7.10378084639364e-05]
[7233, 7.103789567112297e-05]
[9519, 7.10438139453938e-05]
[7235, 7.105100373338793e-05]
[10280, 7.105476670494431e-05]
[8630, 7.105502840376509e-05]
[8364, 7.105709715282068e-05]
[8789, 7.106095596098088e-05]
[6911, 7.106414309479217e-05]
[4520, 7.106762833343501e-05]
[6176, 7.106908991908031e-05]
[4051, 7.107208737921529e-05]
[6868, 7.107509655960326e-05]
[9390, 7.1082712855951e-05]
[7440, 7.109286374057493e-05]
[3577, 7.109478849461276e-05]
[7085, 7.109862571812685e-05]
[4679, 7.110496523736703e-05]
[5417, 7.110675458328913e-05]
[3342, 7.110981504818029e-05]
[4582, 7.11153012166722e-05]
[6505, 7.11182414518275e-05]
[6506, 7.11182414518275e-05]
[6507, 7.11182414518275e-05]
[8006, 7.112078825453278e-05]
[9492, 7.112556434213638e-05]
[8253, 7.112594559760935e-05]
[9412, 7.112688792049811e-05]
[2788, 7.112753232559705e-05]
[8339, 7.114040323413383e-05]
[7416, 7.114296635934296e-05]
[4512, 7.114600386217647e-05]
[3759, 7.11500483615953e-05]
[9609, 7.11567955595088e-05]
[9132, 7.115866153887186e-05]
[9133, 7.115866153887186e-05]
[7087, 7.11604406454779e-05]
[7088, 7.11604406454779e-05]
[7089, 7.11604406454779e-05]
[7091, 7.11604406454779e-05]
[6912, 7.11630961009707e-05]
[6075, 7.116583195421132e-05]
[7040, 7.117016167321045e-05]
[8599, 7.118636250690474e-05]
[3884, 7.118819625009077e-05]
[4946, 7.11947086653624e-05]
[4392, 7.120280021435298e-05]
[6748, 7.120284245249107e-05]
[4301, 7.120670368773567e-05]
[6258, 7.120910810439974e-05]
[7000, 7.122790896045777e-05]
[4988, 7.122937297452199e-05]
[6896, 7.123624210475354e-05]
[2762, 7.123737838172912e-05]
[1906, 7.124434838446498e-05]
[1908, 7.124434838446498e-05]
[5676, 7.125312064175536e-05]
[5677, 7.125312064175536e-05]
[6850, 7.12533648207717e-05]
[994, 7.128681778974165e-05]
[1494, 7.128735578405086e-05]
[6512, 7.129276928018021e-05]
[10436, 7.13010014381512e-05]
[10437, 7.13010014381512e-05]
[8343, 7.130507387501966e-05]
[3852, 7.130602231736639e-05]
[8105, 7.131855198803667e-05]
[8740, 7.13276629645948e-05]
[4569, 7.13284327960559e-05]
[7065, 7.132939954516549e-05]
[8353, 7.134006855880346e-05]
[6823, 7.134721969079254e-05]
[3040, 7.135778736824367e-05]
[4438, 7.136995056240933e-05]
[7646, 7.137519503852267e-05]
[8549, 7.138156128011718e-05]
[5242, 7.13832772558312e-05]
[7339, 7.138649752479764e-05]
[8106, 7.139911801461564e-05]
[2490, 7.140045438205526e-05]
[7125, 7.140490140440809e-05]
[5825, 7.141132457988348e-05]
[9356, 7.141235022649304e-05]
[5629, 7.141274923523364e-05]
[7344, 7.141318593224927e-05]
[7897, 7.141540672104009e-05]
[4686, 7.141683318966994e-05]
[7676, 7.142694278395803e-05]
[5300, 7.14280844269796e-05]
[1784, 7.142990465002222e-05]
[6119, 7.14516047558303e-05]
[1727, 7.145239193963285e-05]
[7049, 7.145823559012307e-05]
[7050, 7.145823559012307e-05]
[7051, 7.145823559012307e-05]
[3855, 7.146249272432113e-05]
[3143, 7.146337971735034e-05]
[9629, 7.146892494299877e-05]
[4205, 7.148258272163537e-05]
[1277, 7.150559249168633e-05]
[9143, 7.151922912245342e-05]
[4921, 7.152727104749659e-05]
[7615, 7.153044889383004e-05]
[8077, 7.153480525142687e-05]
[5344, 7.155389550331004e-05]
[5433, 7.15539192526245e-05]
[3064, 7.155682692227592e-05]
[6422, 7.158030089412876e-05]
[2911, 7.158150965239661e-05]
[7119, 7.158737372341074e-05]
[5296, 7.158927637611451e-05]
[6661, 7.15896744375546e-05]
[7949, 7.159202458057758e-05]
[7950, 7.159202458057758e-05]
[5515, 7.159209027793839e-05]
[5153, 7.159256278601411e-05]
[1635, 7.159870367332377e-05]
[4482, 7.159913401032033e-05]
[8275, 7.161733671799152e-05]
[6173, 7.16319119846265e-05]
[1446, 7.163313826523755e-05]
[12, 7.163605369104184e-05]
[2266, 7.16368477958246e-05]
[8985, 7.163772191590252e-05]
[9092, 7.164028238887975e-05]
[1683, 7.167164449864766e-05]
[6344, 7.168729747972184e-05]
[5318, 7.168766552572159e-05]
[4258, 7.169115515380678e-05]
[2327, 7.17078303046895e-05]
[1978, 7.170919105493115e-05]
[6073, 7.171263826524866e-05]
[9516, 7.171369842455923e-05]
[9855, 7.172766095377056e-05]
[1484, 7.17283459412577e-05]
[6249, 7.1730190862484e-05]
[6889, 7.173947143912722e-05]
[3267, 7.175321839816928e-05]
[1097, 7.175425685668153e-05]
[2572, 7.176129522387525e-05]
[5045, 7.176341355301441e-05]
[3242, 7.176892769922128e-05]
[7042, 7.177492185717575e-05]
[4091, 7.177720197426414e-05]
[4962, 7.177786869585143e-05]
[8869, 7.17856434722594e-05]
[3871, 7.179157514882293e-05]
[3872, 7.179157514882293e-05]
[7020, 7.181542779229984e-05]
[4615, 7.181584084124363e-05]
[1445, 7.182604524908528e-05]
[2417, 7.182833506540937e-05]
[4817, 7.182865656674764e-05]
[4133, 7.183322857359229e-05]
[6064, 7.184357174897126e-05]
[1402, 7.184561044554111e-05]
[7493, 7.18482234488253e-05]
[8686, 7.185213066274317e-05]
[4402, 7.185273225430931e-05]
[3563, 7.185779693352598e-05]
[3564, 7.185779693352598e-05]
[6404, 7.188074822218131e-05]
[6792, 7.18881469968781e-05]
[6142, 7.188991642849738e-05]
[2736, 7.191043192917246e-05]
[5221, 7.191073196968485e-05]
[5900, 7.19142655602367e-05]
[8741, 7.191457351310063e-05]
[4515, 7.191537192413197e-05]
[6798, 7.191826602499003e-05]
[3503, 7.192607858613024e-05]
[6566, 7.193101433959485e-05]
[3579, 7.193802492098548e-05]
[6058, 7.193874094365603e-05]
[2055, 7.194695639793972e-05]
[5796, 7.195035810344513e-05]
[9156, 7.195439413961196e-05]
[2326, 7.195769931818444e-05]
[3424, 7.196793010244512e-05]
[3142, 7.198065148264184e-05]
[4408, 7.198134598420587e-05]
[6591, 7.198142534852161e-05]
[9313, 7.198192502813992e-05]
[4656, 7.199228285290809e-05]
[2979, 7.199372594325209e-05]
[9314, 7.201228559124816e-05]
[3285, 7.201623736321954e-05]
[9524, 7.201652468049574e-05]
[6973, 7.202110527149182e-05]
[8846, 7.202713843635173e-05]
[3089, 7.202814768013845e-05]
[5638, 7.20285946594032e-05]
[5639, 7.20285946594032e-05]
[10738, 7.203078478210742e-05]
[10739, 7.203078478210742e-05]
[10740, 7.203078478210742e-05]
[8749, 7.204677570074792e-05]
[9170, 7.205086548623242e-05]
[10246, 7.205098196980662e-05]
[7626, 7.205191479760253e-05]
[6818, 7.20556869501028e-05]
[2205, 7.205893265180909e-05]
[1127, 7.206164739374369e-05]
[2534, 7.206530013737888e-05]
[2536, 7.206530013737888e-05]
[6021, 7.207097854262497e-05]
[2761, 7.207324187932123e-05]
[10104, 7.207906005241516e-05]
[6998, 7.207906897393671e-05]
[6609, 7.20856883147413e-05]
[1686, 7.209443443835888e-05]
[7681, 7.209599994360312e-05]
[6432, 7.211002725199275e-05]
[2081, 7.211218010572687e-05]
[358, 7.211518923506197e-05]
[3262, 7.211640182418365e-05]
[3288, 7.212468123169003e-05]
[3475, 7.213245583146558e-05]
[2073, 7.213265130646616e-05]
[8365, 7.213567455801913e-05]
[950, 7.213624442371934e-05]
[3209, 7.213971517512356e-05]
[10561, 7.21471601837353e-05]
[2948, 7.214890994871005e-05]
[2654, 7.215833985113758e-05]
[4000, 7.215891523461209e-05]
[1465, 7.216523926710148e-05]
[2291, 7.216993010446322e-05]
[4618, 7.217697260225621e-05]
[2947, 7.217878016047832e-05]
[8681, 7.218625015231475e-05]
[7513, 7.218649744318204e-05]
[6718, 7.219424157911622e-05]
[10203, 7.220315519783101e-05]
[9874, 7.220697136993111e-05]
[5726, 7.22156506453573e-05]
[9459, 7.221859542736325e-05]
[8736, 7.221965920751287e-05]
[8883, 7.222660364719107e-05]
[8884, 7.222660364719107e-05]
[7043, 7.222879923238616e-05]
[6665, 7.223083840509035e-05]
[6410, 7.224083522675096e-05]
[7574, 7.224348308411159e-05]
[7151, 7.224631617836909e-05]
[5441, 7.225299975552152e-05]
[7055, 7.226134460634292e-05]
[1894, 7.226915840112872e-05]
[5473, 7.227017668952014e-05]
[6663, 7.227832402973442e-05]
[9275, 7.227875801545343e-05]
[507, 7.227922786101309e-05]
[8179, 7.228319775322897e-05]
[857, 7.228422045011293e-05]
[197, 7.229302130086e-05]
[6996, 7.229618575891277e-05]
[5378, 7.229629599214052e-05]
[3179, 7.230171300780012e-05]
[6770, 7.230294785034368e-05]
[8634, 7.230324770018214e-05]
[5483, 7.231147302601002e-05]
[3319, 7.231617568191467e-05]
[8413, 7.232142782382133e-05]
[2059, 7.233042084142422e-05]
[3194, 7.234025235504783e-05]
[6219, 7.234169771608806e-05]
[4835, 7.23440332688917e-05]
[7628, 7.235695393344609e-05]
[1379, 7.235820841275534e-05]
[4146, 7.236607665239052e-05]
[7712, 7.237009494421811e-05]
[6674, 7.237142636748817e-05]
[6824, 7.237472799469164e-05]
[5114, 7.238083571478279e-05]
[7528, 7.238331649662043e-05]
[7828, 7.239417742195047e-05]
[10273, 7.239468656415921e-05]
[3217, 7.239494276503024e-05]
[7820, 7.240074129278357e-05]
[2631, 7.241478551752802e-05]
[10809, 7.243079732137256e-05]
[2056, 7.243115704563992e-05]
[5708, 7.243152844572502e-05]
[10674, 7.24373557985551e-05]
[5576, 7.243960876926077e-05]
[10245, 7.244408146861789e-05]
[4940, 7.245374764491872e-05]
[3204, 7.246798446704896e-05]
[9530, 7.247887849372577e-05]
[4616, 7.248881193831624e-05]
[5287, 7.24897919694136e-05]
[1672, 7.249081655723931e-05]
[9294, 7.250721023534538e-05]
[8518, 7.25180494093343e-05]
[8777, 7.252115613379467e-05]
[4600, 7.252294595987869e-05]
[10526, 7.25318798562377e-05]
[8995, 7.253284791437343e-05]
[362, 7.254993544618484e-05]
[3346, 7.256140927203736e-05]
[2999, 7.256424966811414e-05]
[3266, 7.25667435452779e-05]
[4510, 7.256678648860816e-05]
[7564, 7.256716692193737e-05]
[3370, 7.257139021830261e-05]
[9061, 7.257140499068019e-05]
[3098, 7.257445303321779e-05]
[4578, 7.259769826866064e-05]
[2641, 7.259810631223262e-05]
[9017, 7.260657316037549e-05]
[7244, 7.260915074330908e-05]
[4275, 7.260979716166518e-05]
[9965, 7.261045248722238e-05]
[5411, 7.262037494264141e-05]
[2827, 7.26281558390427e-05]
[1518, 7.26331175749883e-05]
[7132, 7.263502658181681e-05]
[5269, 7.264159029481243e-05]
[6350, 7.265175325201312e-05]
[9293, 7.265648630993602e-05]
[8390, 7.265941302782556e-05]
[3951, 7.266656498605096e-05]
[509, 7.266993070277443e-05]
[8698, 7.267474307303029e-05]
[9743, 7.268424237339246e-05]
[2643, 7.268515640118599e-05]
[2642, 7.268633398809535e-05]
[6799, 7.269260395586953e-05]
[5848, 7.269655753445934e-05]
[6729, 7.271483327212446e-05]
[4019, 7.271931163755117e-05]
[6951, 7.273208060955753e-05]
[9810, 7.274010719820559e-05]
[8145, 7.274229853513538e-05]
[9474, 7.274518162945004e-05]
[5891, 7.27496294306161e-05]
[5522, 7.275414680445308e-05]
[3182, 7.275889300674881e-05]
[6433, 7.275891081684791e-05]
[8511, 7.275908455671494e-05]
[4283, 7.276380858807817e-05]
[4964, 7.277680328647664e-05]
[6377, 7.278144234673812e-05]
[6378, 7.278144234673812e-05]
[6379, 7.278144234673812e-05]
[4849, 7.278608739780634e-05]
[8155, 7.278650234640982e-05]
[10328, 7.279309211729757e-05]
[10329, 7.279380654442796e-05]
[9784, 7.279515627575885e-05]
[9225, 7.27954729286374e-05]
[9107, 7.28012104175629e-05]
[9108, 7.28012104175629e-05]
[7714, 7.280801774579454e-05]
[6637, 7.280886998583469e-05]
[8650, 7.281385189618591e-05]
[7998, 7.281979403043241e-05]
[8487, 7.282073716365779e-05]
[8924, 7.282234281215849e-05]
[5633, 7.282398795983406e-05]
[1010, 7.283045015686702e-05]
[6447, 7.283209423198361e-05]
[4308, 7.2835214941957e-05]
[10147, 7.28399130762507e-05]
[2222, 7.285220954430797e-05]
[9639, 7.285864732688976e-05]
[7641, 7.285977336795534e-05]
[7642, 7.285977336795534e-05]
[7436, 7.286433621840868e-05]
[8386, 7.286526211021048e-05]
[5963, 7.28701064661822e-05]
[9946, 7.287532533376009e-05]
[9587, 7.289977785472325e-05]
[3273, 7.290274638277098e-05]
[3622, 7.290324402058014e-05]
[9714, 7.29103079470526e-05]
[6628, 7.291047066344683e-05]
[2479, 7.291627328439519e-05]
[9705, 7.291627971177374e-05]
[9321, 7.29179250432958e-05]
[4312, 7.292058507233327e-05]
[2559, 7.292503569035357e-05]
[4341, 7.292903246711933e-05]
[7928, 7.2935070434238e-05]
[4022, 7.293726864013635e-05]
[3900, 7.293962172386513e-05]
[6988, 7.29448752688704e-05]
[10272, 7.295225064155833e-05]
[10719, 7.29541281793824e-05]
[7720, 7.295489405391823e-05]
[7721, 7.295489405391823e-05]
[3465, 7.296041523644503e-05]
[6033, 7.296131371035652e-05]
[2172, 7.298463627724914e-05]
[4027, 7.29858230012923e-05]
[2548, 7.298619676390729e-05]
[10051, 7.298627343622011e-05]
[8663, 7.298793022406482e-05]
[3915, 7.298840048247514e-05]
[862, 7.299040181240669e-05]
[8103, 7.299394119939526e-05]
[3996, 7.299519072460296e-05]
[3402, 7.300444474422961e-05]
[6570, 7.300664891384346e-05]
[6997, 7.300838062590813e-05]
[9464, 7.302288971995484e-05]
[10073, 7.302764858035448e-05]
[7605, 7.302863365354663e-05]
[10477, 7.303132053885156e-05]
[334, 7.303973703085614e-05]
[1447, 7.303981706482559e-05]
[9746, 7.305025181725749e-05]
[2167, 7.305498006431591e-05]
[8632, 7.305576876013553e-05]
[3105, 7.305907949958379e-05]
[3107, 7.305907949958379e-05]
[7168, 7.306177050689414e-05]
[2814, 7.30700876749432e-05]
[2816, 7.30700876749432e-05]
[2817, 7.30700876749432e-05]
[9176, 7.307612763991539e-05]
[8888, 7.309414091102975e-05]
[3464, 7.30964006507899e-05]
[8624, 7.309661710943154e-05]
[3201, 7.310200064067271e-05]
[6723, 7.310270008647851e-05]
[715, 7.311900792514944e-05]
[716, 7.311900792514944e-05]
[10325, 7.312330061345756e-05]
[10293, 7.312896352995566e-05]
[7538, 7.313320537231106e-05]
[2754, 7.313748512094784e-05]
[2757, 7.313748512094784e-05]
[1263, 7.3138097659596e-05]
[5872, 7.313910081227279e-05]
[7991, 7.314803774908021e-05]
[8910, 7.315916742236096e-05]
[8579, 7.316793344803611e-05]
[7102, 7.317384777488176e-05]
[338, 7.317624007287647e-05]
[2314, 7.318053652609718e-05]
[2638, 7.318793530794216e-05]
[9908, 7.318951264906741e-05]
[7464, 7.319024133663074e-05]
[7549, 7.319510178666297e-05]
[9206, 7.319569382368239e-05]
[10398, 7.320021309293264e-05]
[3248, 7.32033433330549e-05]
[95, 7.321016957971862e-05]
[8760, 7.321133805963813e-05]
[2392, 7.321250636295228e-05]
[9034, 7.321587220568518e-05]
[9488, 7.321702949092653e-05]
[2093, 7.322566121663353e-05]
[9368, 7.324193180063761e-05]
[1422, 7.324846794941345e-05]
[4538, 7.325117969119254e-05]
[5120, 7.325220448358921e-05]
[4597, 7.325282161174448e-05]
[4598, 7.325282161174448e-05]
[2264, 7.325946268379582e-05]
[7905, 7.326378048070001e-05]
[9634, 7.326535654523767e-05]
[9704, 7.327030282642105e-05]
[5186, 7.327693322474362e-05]
[1661, 7.327847185404726e-05]
[7735, 7.327851460653502e-05]
[2540, 7.327904254889162e-05]
[29, 7.328079097169228e-05]
[4412, 7.329011190718295e-05]
[8241, 7.329358882612717e-05]
[5151, 7.329943097816587e-05]
[2135, 7.330920071109805e-05]
[10126, 7.331282142645774e-05]
[2673, 7.331911576252489e-05]
[5255, 7.331921252615166e-05]
[8555, 7.331929059187112e-05]
[7504, 7.332164373442881e-05]
[3671, 7.333547497933496e-05]
[2784, 7.333740579350953e-05]
[4134, 7.333815756889015e-05]
[2707, 7.33421787485205e-05]
[9480, 7.335228303010712e-05]
[7903, 7.33540119458093e-05]
[7904, 7.33540119458093e-05]
[6541, 7.335908230669813e-05]
[4815, 7.336422509298483e-05]
[4650, 7.336520219974989e-05]
[9722, 7.33658864950395e-05]
[2690, 7.337014030714879e-05]
[10671, 7.337243686912052e-05]
[7981, 7.33724512137107e-05]
[10666, 7.339006910017635e-05]
[9089, 7.339071937192694e-05]
[5023, 7.339228858575777e-05]
[7341, 7.339368614130525e-05]
[8381, 7.339446366233922e-05]
[959, 7.339685143840788e-05]
[962, 7.339685143840788e-05]
[6523, 7.340168151599896e-05]
[5305, 7.340404791208205e-05]
[59, 7.34206587424232e-05]
[5062, 7.34325982101832e-05]
[4984, 7.343343746573712e-05]
[10230, 7.34340865770005e-05]
[10263, 7.343426844790072e-05]
[3541, 7.343719141064613e-05]
[7346, 7.344532126300686e-05]
[3807, 7.345285065702042e-05]
[3814, 7.345442552653036e-05]
[10179, 7.345499014752249e-05]
[6514, 7.346330041530168e-05]
[9732, 7.347431013896892e-05]
[2247, 7.348624412412697e-05]
[671, 7.349190077521084e-05]
[5585, 7.349883933493766e-05]
[2065, 7.349973109572878e-05]
[9755, 7.350114870098509e-05]
[6536, 7.350550190956393e-05]
[8775, 7.350723847844359e-05]
[8861, 7.350829243269747e-05]
[4733, 7.351041422570456e-05]
[2287, 7.351470366727058e-05]
[7062, 7.352004136045751e-05]
[7682, 7.352081457975566e-05]
[6231, 7.352290480576633e-05]
[1339, 7.352322410046644e-05]
[9821, 7.35232680165901e-05]
[4433, 7.353051429562866e-05]
[9992, 7.354645229746407e-05]
[3455, 7.354650701468257e-05]
[9453, 7.355264353736914e-05]
[9501, 7.356649981712888e-05]
[2083, 7.356725142025148e-05]
[5402, 7.356810914441475e-05]
[5717, 7.357053971449952e-05]
[6040, 7.357623725616841e-05]
[4534, 7.35779986327297e-05]
[8598, 7.357934945544819e-05]
[1302, 7.358176694980545e-05]
[9309, 7.358860981419712e-05]
[8597, 7.358979122482306e-05]
[7805, 7.359580323894057e-05]
[8857, 7.359705648625343e-05]
[6928, 7.360108324130911e-05]
[8178, 7.360508085097302e-05]
[3551, 7.360718475393549e-05]
[112, 7.361556364251525e-05]
[6185, 7.361972130481183e-05]
[5236, 7.362024759756847e-05]
[745, 7.36214576182289e-05]
[10522, 7.362503838323575e-05]
[2591, 7.363040852351681e-05]
[3962, 7.363306631435974e-05]
[1343, 7.36480665151629e-05]
[1346, 7.36480665151629e-05]
[7009, 7.365099556485368e-05]
[8177, 7.366060643018178e-05]
[4064, 7.366959932254179e-05]
[6664, 7.36786579708632e-05]
[4317, 7.3684559214382e-05]
[6213, 7.369150391335367e-05]
[7842, 7.369538400005345e-05]
[8761, 7.369773085809786e-05]
[5158, 7.369970443333049e-05]
[471, 7.371177789243852e-05]
[472, 7.371177789243852e-05]
[9460, 7.372140232482297e-05]
[9907, 7.372179327590615e-05]
[9281, 7.372451545719962e-05]
[215, 7.37288076310644e-05]
[4110, 7.374272468791336e-05]
[9499, 7.374296506944847e-05]
[9495, 7.374748558522116e-05]
[9849, 7.37575346171252e-05]
[8345, 7.377007180840776e-05]
[4949, 7.378714217719843e-05]
[2650, 7.378802970412908e-05]
[9210, 7.379018888674828e-05]
[6576, 7.379247020712518e-05]
[259, 7.379357252202368e-05]
[2209, 7.379389235693306e-05]
[7900, 7.379625451668495e-05]
[7269, 7.380203693183875e-05]
[8231, 7.380576544037173e-05]
[7280, 7.381001327053268e-05]
[6309, 7.381649869172626e-05]
[8154, 7.381711590559663e-05]
[7262, 7.381891422197506e-05]
[9757, 7.383787816827928e-05]
[4460, 7.384161723599497e-05]
[10626, 7.38420895977616e-05]
[1596, 7.384650429950683e-05]
[3573, 7.384684166146573e-05]
[8397, 7.384725037449517e-05]
[7892, 7.385214395347281e-05]
[10202, 7.385505476312222e-05]
[2370, 7.386296339873349e-05]
[5970, 7.386977427745631e-05]
[6239, 7.387184894592326e-05]
[6200, 7.387426586105797e-05]
[8042, 7.38811145526947e-05]
[1668, 7.388177603682506e-05]
[4588, 7.388207539775708e-05]
[8141, 7.388248531320477e-05]
[7590, 7.388438883964334e-05]
[8521, 7.388984182926824e-05]
[5691, 7.389919161981487e-05]
[9628, 7.390095661206272e-05]
[8368, 7.391505664873402e-05]
[7285, 7.391874060212686e-05]
[7286, 7.391874060212686e-05]
[8157, 7.393322250463647e-05]
[6936, 7.393588277643695e-05]
[6938, 7.393588277643695e-05]
[9508, 7.393627673684754e-05]
[9040, 7.393656321103101e-05]
[8444, 7.394415616983779e-05]
[7823, 7.395583978666262e-05]
[3235, 7.396248090834852e-05]
[9479, 7.396550798671701e-05]
[4930, 7.39686802007906e-05]
[6421, 7.397245660617575e-05]
[3725, 7.397385016677731e-05]
[3726, 7.397385016677731e-05]
[1821, 7.397535377344136e-05]
[3466, 7.397622135672438e-05]
[9381, 7.3976624781084e-05]
[2825, 7.39784646032042e-05]
[9994, 7.397901989988166e-05]
[10105, 7.398791109229855e-05]
[5191, 7.399271526851804e-05]
[5517, 7.399457657036182e-05]
[1028, 7.4003556445106e-05]
[9462, 7.40048150873737e-05]
[5190, 7.400798799830258e-05]
[8357, 7.401231897343388e-05]
[4969, 7.401310828607677e-05]
[6001, 7.401316180309636e-05]
[2791, 7.402788163848458e-05]
[465, 7.403338108432061e-05]
[10244, 7.40352601583853e-05]
[2577, 7.404770919059743e-05]
[6623, 7.405336836278491e-05]
[3471, 7.407130584238197e-05]
[6191, 7.407400464152627e-05]
[9487, 7.407750172651145e-05]
[2386, 7.407946995032145e-05]
[7555, 7.409142679232212e-05]
[10545, 7.409165173000345e-05]
