[8642, 7.409297789075971e-05]
[3147, 7.410357665209519e-05]
[7542, 7.410890258012265e-05]
[5219, 7.411106667997493e-05]
[7282, 7.41112442088213e-05]
[7081, 7.411758377986547e-05]
[139, 7.413172577252091e-05]
[7272, 7.413794043404365e-05]
[427, 7.413951622280756e-05]
[9237, 7.414347365323984e-05]
[3053, 7.414434714739759e-05]
[4067, 7.414975241790948e-05]
[1945, 7.415086288693492e-05]
[1554, 7.416699190888621e-05]
[9177, 7.416699923139391e-05]
[1104, 7.417050436111924e-05]
[5180, 7.417990061250887e-05]
[8426, 7.420040756837089e-05]
[9271, 7.420081927351523e-05]
[7517, 7.420383703540728e-05]
[6488, 7.420384168297993e-05]
[4428, 7.420841147471306e-05]
[3646, 7.422120611283343e-05]
[3832, 7.423080991862717e-05]
[7965, 7.423962312289485e-05]
[2109, 7.423987657747896e-05]
[1187, 7.424148815427104e-05]
[7873, 7.424773834297366e-05]
[6188, 7.425092126721668e-05]
[9056, 7.425374047881155e-05]
[2233, 7.425638800380982e-05]
[8954, 7.425779561612732e-05]
[6076, 7.426263852368284e-05]
[6654, 7.42647425730623e-05]
[9472, 7.42654431338312e-05]
[6145, 7.427059615416258e-05]
[9277, 7.427683571976456e-05]
[7934, 7.42832339580545e-05]
[2461, 7.428614264459477e-05]
[3356, 7.428998830307625e-05]
[7392, 7.429005406547408e-05]
[10177, 7.429692001289945e-05]
[434, 7.429798496458052e-05]
[8039, 7.430194124731909e-05]
[5773, 7.430614741851577e-05]
[7475, 7.431192495734622e-05]
[9745, 7.431998363391198e-05]
[8745, 7.432185569996505e-05]
[9343, 7.43258865740252e-05]
[5182, 7.433766930944384e-05]
[8289, 7.433962670020206e-05]
[2669, 7.4342331881172e-05]
[5275, 7.434272372654621e-05]
[7022, 7.435008007521533e-05]
[8127, 7.435601272583748e-05]
[8552, 7.436272792644622e-05]
[667, 7.436728387962421e-05]
[553, 7.437222447708792e-05]
[8528, 7.437508301165384e-05]
[4319, 7.438385484992866e-05]
[6527, 7.439101314997956e-05]
[7997, 7.439175958598367e-05]
[1972, 7.440265799929096e-05]
[5413, 7.44063354999148e-05]
[8227, 7.440927231292928e-05]
[1864, 7.442098281272263e-05]
[1662, 7.443853682435618e-05]
[4836, 7.4441548450169e-05]
[9079, 7.445157733160481e-05]
[6759, 7.446144232525327e-05]
[2180, 7.447279364841289e-05]
[3252, 7.448057415464576e-05]
[2263, 7.448232895151725e-05]
[3819, 7.449190138113449e-05]
[5050, 7.449821815093727e-05]
[6276, 7.450495662506999e-05]
[6279, 7.450495662506999e-05]
[6280, 7.450495662506999e-05]
[9862, 7.451518840114554e-05]
[3215, 7.451888343188112e-05]
[9774, 7.451983832621773e-05]
[8010, 7.452845561641537e-05]
[7372, 7.454426962216874e-05]
[1293, 7.455280060704714e-05]
[4666, 7.455396922271623e-05]
[6618, 7.455425741914284e-05]
[3894, 7.455597295321003e-05]
[668, 7.456631705939919e-05]
[8001, 7.456950959533748e-05]
[6369, 7.457034022811546e-05]
[7613, 7.45741864428362e-05]
[2061, 7.458802096892028e-05]
[4831, 7.459698126935215e-05]
[6143, 7.459721447591486e-05]
[5126, 7.460589548182657e-05]
[5273, 7.461305150668794e-05]
[3800, 7.461733838734834e-05]
[4014, 7.461861026372536e-05]
[4448, 7.46214729404189e-05]
[5563, 7.463999238507574e-05]
[707, 7.464419392741274e-05]
[8516, 7.464839274837317e-05]
[3552, 7.465259635431459e-05]
[8152, 7.466134241531776e-05]
[7389, 7.466794210535795e-05]
[3888, 7.468168379277412e-05]
[3415, 7.469155404260451e-05]
[8250, 7.4695997235464e-05]
[4713, 7.469864718092839e-05]
[5107, 7.470359161088115e-05]
[1333, 7.471193397908644e-05]
[8586, 7.4714247235697e-05]
[8793, 7.471626256093248e-05]
[8832, 7.471649794289164e-05]
[8011, 7.47220581378152e-05]
[2460, 7.472471205641822e-05]
[7121, 7.472501726348273e-05]
[2614, 7.474138879727013e-05]
[8137, 7.475623700818531e-05]
[3799, 7.47750325390544e-05]
[1492, 7.477541483955132e-05]
[8203, 7.478281526443725e-05]
[6346, 7.479036344089089e-05]
[3750, 7.479902497941018e-05]
[8870, 7.480407954579834e-05]
[8522, 7.480504205789466e-05]
[5537, 7.4807668373726e-05]
[2923, 7.480939058950636e-05]
[9503, 7.481157959955531e-05]
[6543, 7.481176740324044e-05]
[2312, 7.481837861581963e-05]
[8172, 7.482477504822768e-05]
[4414, 7.482645260257097e-05]
[1374, 7.483014902111455e-05]
[8860, 7.483030066515067e-05]
[4090, 7.483522392408382e-05]
[7031, 7.484028327332814e-05]
[4300, 7.484147693194081e-05]
[4324, 7.484723558807174e-05]
[6870, 7.484729043683429e-05]
[8503, 7.485894264233242e-05]
[8834, 7.485972560892999e-05]
[3450, 7.486051107364152e-05]
[368, 7.487315177837741e-05]
[5379, 7.491596696369501e-05]
[4165, 7.491695169891886e-05]
[9288, 7.492364565836106e-05]
[9010, 7.492701985883734e-05]
[4931, 7.492849561386149e-05]
[1174, 7.493238655526374e-05]
[4744, 7.493507780026196e-05]
[10406, 7.493832122818089e-05]
[1895, 7.494808656510341e-05]
[3840, 7.495434382336105e-05]
[5802, 7.495556567066808e-05]
[9860, 7.496281931874656e-05]
[3232, 7.497274789258757e-05]
[8038, 7.499150505614831e-05]
[2835, 7.499404784430842e-05]
[5141, 7.499466864409221e-05]
[3406, 7.500435819852206e-05]
[7738, 7.501822114001615e-05]
[8765, 7.50260712084757e-05]
[1715, 7.502880686960478e-05]
[7215, 7.503425482520641e-05]
[896, 7.503510390277934e-05]
[10289, 7.503711724502443e-05]
[9859, 7.503788677457056e-05]
[4913, 7.504684665115169e-05]
[6816, 7.504874289719135e-05]
[6817, 7.504874289719135e-05]
[7024, 7.505285749507504e-05]
[5835, 7.50574019086109e-05]
[2994, 7.50641195313667e-05]
[2308, 7.506649135608808e-05]
[4031, 7.508808116208054e-05]
[8059, 7.510337479104911e-05]
[8571, 7.511073417270451e-05]
[4430, 7.511332230426856e-05]
[10349, 7.512192160703734e-05]
[10149, 7.512535309464502e-05]
[7947, 7.512659262279801e-05]
[4189, 7.513231930364322e-05]
[9986, 7.51435000852282e-05]
[5277, 7.514642207753991e-05]
[3591, 7.514764751245396e-05]
[916, 7.516601914817344e-05]
[3231, 7.517327919228268e-05]
[4431, 7.517657986645093e-05]
[2547, 7.518242075424124e-05]
[3149, 7.518337580356763e-05]
[5451, 7.518817278566609e-05]
[7442, 7.519532254755346e-05]
[7061, 7.519607114827351e-05]
[8488, 7.52064737894485e-05]
[8007, 7.520655207886298e-05]
[10207, 7.520836934346165e-05]
[4683, 7.522256500307927e-05]
[2306, 7.52261788601627e-05]
[2184, 7.523321354092042e-05]
[9545, 7.52517210285092e-05]
[2933, 7.525864055807914e-05]
[2586, 7.527015615360004e-05]
[3442, 7.527139435726052e-05]
[8748, 7.527236619138815e-05]
[6859, 7.528854221220302e-05]
[8779, 7.52931663249874e-05]
[10834, 7.529378873822793e-05]
[2601, 7.529885116370206e-05]
[2390, 7.529986383676281e-05]
[681, 7.530267913683784e-05]
[4384, 7.530694030803947e-05]
[5263, 7.53107276472048e-05]
[5265, 7.53107276472048e-05]
[4447, 7.531712672226576e-05]
[8246, 7.531740793724769e-05]
[10045, 7.532115944805503e-05]
[7957, 7.53233164166633e-05]
[5256, 7.532550296493949e-05]
[4290, 7.532826385344786e-05]
[3044, 7.532981389533048e-05]
[1980, 7.534152233276169e-05]
[5531, 7.534520749815586e-05]
[9935, 7.53455724974702e-05]
[6634, 7.53492084096855e-05]
[5084, 7.535967514561434e-05]
[3516, 7.536204872653823e-05]
[8454, 7.536946400287137e-05]
[3472, 7.536983294839696e-05]
[353, 7.537257335845813e-05]
[8525, 7.537599541317371e-05]
[7703, 7.538849006979504e-05]
[5371, 7.539017247161133e-05]
[5532, 7.539243435540788e-05]
[8170, 7.539796953348939e-05]
[404, 7.5404872493972e-05]
[1113, 7.541091590896232e-05]
[7847, 7.541441023185339e-05]
[6736, 7.541936400148102e-05]
[9421, 7.542926368681156e-05]
[10713, 7.542931139440604e-05]
[2255, 7.543066965672825e-05]
[1823, 7.544690212379314e-05]
[1829, 7.544690212379314e-05]
[5559, 7.545323114382059e-05]
[2040, 7.54538182960984e-05]
[3048, 7.545966773335664e-05]
[8787, 7.547310403151954e-05]
[8988, 7.547363399403234e-05]
[6234, 7.547399021960027e-05]
[4845, 7.548329814943337e-05]
[4594, 7.549193512636074e-05]
[1703, 7.549665022987955e-05]
[6224, 7.549833564624563e-05]
[9539, 7.550166171968372e-05]
[9218, 7.551226985255297e-05]
[8750, 7.552035293034647e-05]
[3724, 7.553395371008229e-05]
[3488, 7.55349321421054e-05]
[7547, 7.554254800683734e-05]
[7375, 7.55429768578679e-05]
[9824, 7.554328332375891e-05]
[2155, 7.554532773743254e-05]
[6632, 7.554695472855832e-05]
[1493, 7.555138811804028e-05]
[5161, 7.555277069260798e-05]
[9882, 7.555547976763943e-05]
[6953, 7.556173164691133e-05]
[6947, 7.556193058056817e-05]
[5480, 7.556567622205799e-05]
[4939, 7.556638317294211e-05]
[3203, 7.557841957785122e-05]
[6532, 7.557922850232477e-05]
[5842, 7.55802233952329e-05]
[6917, 7.558528909006265e-05]
[7541, 7.558716179382715e-05]
[4345, 7.559002402302547e-05]
[4747, 7.559490215406069e-05]
[7278, 7.56028835674413e-05]
[8714, 7.561029000991413e-05]
[5054, 7.561483973222572e-05]
[419, 7.561494546548199e-05]
[6839, 7.561554802536542e-05]
[7830, 7.562146944173578e-05]
[9546, 7.563314886789226e-05]
[5459, 7.563602811751794e-05]
[5462, 7.563602811751794e-05]
[3513, 7.563968134487281e-05]
[5727, 7.564541928008615e-05]
[10878, 7.565116131319537e-05]
[7159, 7.565149537054638e-05]
[4172, 7.565496479649227e-05]
[10148, 7.565813016054967e-05]
[5193, 7.56627971526834e-05]
[2016, 7.566382694432314e-05]
[3430, 7.566664653176801e-05]
[9326, 7.566808787615748e-05]
[6220, 7.567318790214554e-05]
[6257, 7.567820747869598e-05]
[1737, 7.568869792978772e-05]
[10196, 7.568971183588655e-05]
[8551, 7.569041599484788e-05]
[9015, 7.569323374282767e-05]
[7679, 7.570131842440718e-05]
[8790, 7.571394006376737e-05]
[4297, 7.571436454149415e-05]
[6052, 7.571468649908326e-05]
[283, 7.57155751540605e-05]
[7236, 7.572315555404472e-05]
[5781, 7.572877585878952e-05]
[318, 7.573220003985262e-05]
[1048, 7.573430758255673e-05]
[2563, 7.575199909229844e-05]
[10084, 7.57582106283759e-05]
[7209, 7.57620610668246e-05]
[7979, 7.576304973690986e-05]
[4175, 7.576922688018705e-05]
[3880, 7.577194825840567e-05]
[4509, 7.57782226990516e-05]
[7178, 7.578479904767375e-05]
[331, 7.578833969176883e-05]
[8827, 7.579510814272335e-05]
[7924, 7.57955682971454e-05]
[8703, 7.579729958562292e-05]
[8587, 7.580344428063072e-05]
[8996, 7.580582394654855e-05]
[7029, 7.58084644850823e-05]
[8282, 7.580977152859292e-05]
[1499, 7.581494969303521e-05]
[9686, 7.58415624603152e-05]
[3929, 7.58455951500201e-05]
[3930, 7.58455951500201e-05]
[7169, 7.585198342632794e-05]
[6717, 7.586625316256874e-05]
[5942, 7.587012255073507e-05]
[8520, 7.587959631580145e-05]
[7127, 7.588057841521767e-05]
[2774, 7.588962958071378e-05]
[2723, 7.589766195064211e-05]
[2724, 7.589766195064211e-05]
[7182, 7.589786314548481e-05]
[3219, 7.590092839957235e-05]
[5212, 7.590729489616599e-05]
[5241, 7.590918355888476e-05]
[4347, 7.590938751239895e-05]
[9658, 7.590996585022255e-05]
[3155, 7.591117018508906e-05]
[6970, 7.591326168685243e-05]
[4126, 7.591413286666368e-05]
[4103, 7.591419516275372e-05]
[3948, 7.592096458948883e-05]
[6702, 7.592386219738464e-05]
[5512, 7.592577929922985e-05]
[5513, 7.592577929922985e-05]
[4793, 7.59263777434066e-05]
[3025, 7.593467978084279e-05]
[3026, 7.593467978084279e-05]
[3030, 7.593467978084279e-05]
[3031, 7.593467978084279e-05]
[269, 7.593660476557543e-05]
[7533, 7.59371192864306e-05]
[8435, 7.59388806799713e-05]
[3291, 7.59504196121866e-05]
[446, 7.59558986774149e-05]
[452, 7.59558986774149e-05]
[6629, 7.595598957556681e-05]
[6744, 7.595661710639481e-05]
[3528, 7.595830996775556e-05]
[5506, 7.59597060889032e-05]
[8070, 7.597332581269587e-05]
[3079, 7.597575605222779e-05]
[10243, 7.598154833648844e-05]
[7980, 7.598549508217573e-05]
[2424, 7.598579896011241e-05]
[10383, 7.598987666302174e-05]
[2355, 7.599900662909684e-05]
[1378, 7.600111858135119e-05]
[7116, 7.600518254036965e-05]
[712, 7.600551825810255e-05]
[6725, 7.601129141361657e-05]
[6084, 7.601284712649775e-05]
[7569, 7.60208632345349e-05]
[7948, 7.602164872221875e-05]
[1720, 7.602564891299253e-05]
[1237, 7.603810898104078e-05]
[1245, 7.603810898104078e-05]
[10139, 7.605380910024249e-05]
[1937, 7.605931752934696e-05]
[9263, 7.606035447582353e-05]
[3257, 7.607422960296222e-05]
[5579, 7.60864014171405e-05]
[2111, 7.608811482054685e-05]
[1007, 7.608946052304266e-05]
[1531, 7.609187370525716e-05]
[2821, 7.60971083069627e-05]
[2130, 7.610689387624876e-05]
[5041, 7.611096036910054e-05]
[3853, 7.611715875964538e-05]
[4288, 7.61202903967888e-05]
[3197, 7.612096417249965e-05]
[7154, 7.612139480337051e-05]
[3508, 7.612317729695648e-05]
[9067, 7.61245654513329e-05]
[8547, 7.612561701291811e-05]
[6193, 7.612816678506838e-05]
[5917, 7.612897739632471e-05]
[1129, 7.613306160147975e-05]
[9999, 7.613629244492498e-05]
[4390, 7.614007670497888e-05]
[6331, 7.61528789124674e-05]
[4701, 7.616409334510897e-05]
[7090, 7.616573750436655e-05]
[8666, 7.616649732281185e-05]
[122, 7.616761927534558e-05]
[8360, 7.61809896053632e-05]
[1543, 7.618825490880103e-05]
[2587, 7.619040230055034e-05]
[2442, 7.619817687242672e-05]
[10194, 7.621150694916886e-05]
[5345, 7.621603960349932e-05]
[1965, 7.62190104111608e-05]
[2557, 7.62191951010682e-05]
[6170, 7.622433187096884e-05]
[4657, 7.622744774400707e-05]
[7092, 7.622799427601291e-05]
[3035, 7.623099397435974e-05]
[2783, 7.623237822275582e-05]
[1291, 7.624717774775593e-05]
[3162, 7.62533065458635e-05]
[8692, 7.625581774879536e-05]
[9229, 7.628015198834415e-05]
[9450, 7.628370654313953e-05]
[7379, 7.628526040089456e-05]
[5587, 7.62872223047117e-05]
[4910, 7.62928059217358e-05]
[3967, 7.629389723517912e-05]
[4320, 7.629868270171742e-05]
[4855, 7.631438924584702e-05]
[9007, 7.63148191784221e-05]
[4041, 7.632231385634126e-05]
[8043, 7.632747618227477e-05]
[4712, 7.634570532868924e-05]
[7177, 7.634843973894752e-05]
[6374, 7.636210840997885e-05]
[4544, 7.636915370210459e-05]
[3146, 7.637166873341076e-05]
[8739, 7.637340610787965e-05]
[7807, 7.638536160636579e-05]
[7329, 7.639257080252467e-05]
[798, 7.640117820649756e-05]
[7736, 7.640881946344415e-05]
[3741, 7.641080440504475e-05]
[8670, 7.64125017039646e-05]
[4858, 7.641726261963894e-05]
[6425, 7.642241013547107e-05]
[5434, 7.642351268127463e-05]
[7277, 7.644273449914567e-05]
[3189, 7.64599965060011e-05]
[5049, 7.646067037522518e-05]
[7193, 7.646103276450756e-05]
[5240, 7.646500582191517e-05]
[2443, 7.646596256514358e-05]
[5657, 7.647381756979566e-05]
[3467, 7.647954169327854e-05]
[6865, 7.648185534600964e-05]
[2802, 7.649322823383836e-05]
[1265, 7.649839809309623e-05]
[8122, 7.650672822628396e-05]
[3918, 7.652161775202156e-05]
[3920, 7.652161775202156e-05]
[6961, 7.652279072567413e-05]
[6480, 7.652311410491891e-05]
[8715, 7.653380562845657e-05]
[8196, 7.655157845323283e-05]
[8408, 7.656421780665771e-05]
[6724, 7.656653693195915e-05]
[5093, 7.657001051199304e-05]
[8938, 7.657815323358858e-05]
[194, 7.658041265228146e-05]
[899, 7.658222401868256e-05]
[3701, 7.6596195071463e-05]
[924, 7.661978638037684e-05]
[5874, 7.662325461468867e-05]
[6716, 7.662636949861737e-05]
[1888, 7.66279514342992e-05]
[5601, 7.663590648636775e-05]
[5466, 7.663700868974031e-05]
[5540, 7.66649412373138e-05]
[4382, 7.667219166549061e-05]
[3623, 7.669925362308006e-05]
[8415, 7.67174339390636e-05]
[5124, 7.67208847667339e-05]
[9131, 7.673219747927781e-05]
[214, 7.673624423809145e-05]
[8700, 7.674010818196344e-05]
[7951, 7.674325780046161e-05]
[7737, 7.676076896526996e-05]
[3256, 7.676446241804258e-05]
[3097, 7.676923840440026e-05]
[2649, 7.678186983253461e-05]
[1859, 7.678379252369307e-05]
[4376, 7.678470339538975e-05]
[7126, 7.679106299492939e-05]
[3391, 7.67916439097832e-05]
[6728, 7.67967535379281e-05]
[2489, 7.680067804387739e-05]
[836, 7.680726510719043e-05]
[5393, 7.680748755464454e-05]
[5394, 7.680748755464454e-05]
[5395, 7.680748755464454e-05]
[5157, 7.680903713355176e-05]
[3824, 7.681601781690979e-05]
[7751, 7.681627125822335e-05]
[5415, 7.681789051301396e-05]
[8600, 7.683436836558455e-05]
[113, 7.683568544091391e-05]
[9790, 7.683867424751607e-05]
[806, 7.68632451113293e-05]
[2082, 7.687098823566699e-05]
[7330, 7.687767228743827e-05]
[9972, 7.688430040271376e-05]
[1523, 7.68868630960949e-05]
[6537, 7.688770113754802e-05]
[5298, 7.689352412046617e-05]
[8439, 7.690757869403227e-05]
[7661, 7.69102765007762e-05]
[1989, 7.692255701998525e-05]
[7674, 7.692828755740164e-05]
[4396, 7.693185404273936e-05]
[5964, 7.694640444030635e-05]
[5565, 7.69467309018217e-05]
[1454, 7.695406200945731e-05]
[1000, 7.695701410249162e-05]
[3757, 7.69654749178369e-05]
[6857, 7.696594807380748e-05]
[5709, 7.698233536393564e-05]
[1677, 7.700191193515015e-05]
[876, 7.701014082567183e-05]
[3972, 7.701292687830063e-05]
[5292, 7.702329400397326e-05]
[9569, 7.703159665839675e-05]
[7053, 7.703852972466392e-05]
[8472, 7.704064275882496e-05]
[5902, 7.705192553145568e-05]
[7734, 7.705230778681026e-05]
[5921, 7.706664574921599e-05]
[6931, 7.707371849871835e-05]
[2194, 7.707662572843537e-05]
[9268, 7.708077808558198e-05]
[6305, 7.708828239445472e-05]
[3849, 7.70894580412711e-05]
[3230, 7.709610638283076e-05]
[8055, 7.709993293986664e-05]
[4922, 7.710363134767515e-05]
[6555, 7.710802278155652e-05]
[3489, 7.712007374182739e-05]
[4371, 7.712560823119606e-05]
[8351, 7.712702108556948e-05]
[6572, 7.712759113546604e-05]
[5189, 7.713058658915566e-05]
[8631, 7.71334487131973e-05]
[2282, 7.713762428697856e-05]
[5819, 7.714903170181759e-05]
[5227, 7.715058506338136e-05]
[5714, 7.715061730531725e-05]
[6005, 7.715118180183633e-05]
[3435, 7.715181617412734e-05]
[4436, 7.715213833835478e-05]
[5044, 7.715493082177894e-05]
[2682, 7.715619457039834e-05]
[5684, 7.71598396060042e-05]
[3511, 7.71673685535315e-05]
[160, 7.71693604620367e-05]
[6384, 7.717827325147799e-05]
[6755, 7.717878964840386e-05]
[6209, 7.71806119788738e-05]
[1119, 7.718073128173009e-05]
[2353, 7.71813935973569e-05]
[5119, 7.718297978644929e-05]
[8340, 7.718384138302438e-05]
[4337, 7.71930776141653e-05]
[7456, 7.7198069856036e-05]
[7921, 7.720634696194083e-05]
[51, 7.721104368046372e-05]
[6002, 7.721841752805807e-05]
[5523, 7.722172210971435e-05]
[3425, 7.722561761490783e-05]
[5763, 7.725506345197385e-05]
[6533, 7.725855948368595e-05]
[872, 7.727325818667337e-05]
[418, 7.727377263016077e-05]
[1951, 7.72825052304906e-05]
[1952, 7.72825052304906e-05]
[1956, 7.72825052304906e-05]
[1957, 7.72825052304906e-05]
[1812, 7.728494781449865e-05]
[9083, 7.728680184290645e-05]
[4410, 7.728839547922338e-05]
[312, 7.729951829470085e-05]
[536, 7.731134729332801e-05]
[8291, 7.731322736450922e-05]
[7880, 7.731533463437097e-05]
[8393, 7.731626941580677e-05]
[4500, 7.733009807130621e-05]
[8958, 7.733297899339674e-05]
[4243, 7.733378328787236e-05]
[7273, 7.734107858208636e-05]
[9226, 7.734943012761546e-05]
[5234, 7.734978719880763e-05]
[6814, 7.735274253798343e-05]
[7108, 7.73552575817891e-05]
[4365, 7.736744741391685e-05]
[8601, 7.738842883625161e-05]
[5721, 7.740016556234073e-05]
[3359, 7.740235849187673e-05]
[690, 7.741392113830571e-05]
[3476, 7.741809228031361e-05]
[4229, 7.7432183972286e-05]
[3293, 7.743729940442971e-05]
[3953, 7.744140341234765e-05]
[4869, 7.745338602098756e-05]
[3746, 7.745392618150118e-05]
[4012, 7.746468575079312e-05]
[755, 7.746483867088384e-05]
[9707, 7.746561175557068e-05]
[5323, 7.746709438633638e-05]
[4007, 7.750758408179334e-05]
[9370, 7.751123838116458e-05]
[3186, 7.751242801643032e-05]
[9114, 7.752668761614691e-05]
[4328, 7.752859221860823e-05]
[3102, 7.75298846286671e-05]
[2566, 7.754088397447707e-05]
[3736, 7.755140904228778e-05]
[5901, 7.755191157642492e-05]
[6678, 7.755856168336126e-05]
[5695, 7.755906713564393e-05]
[5817, 7.755993129616675e-05]
[8794, 7.756270158667768e-05]
[8467, 7.756608540501433e-05]
[2739, 7.756846378684191e-05]
[4700, 7.758312761613437e-05]
[6042, 7.758549164575095e-05]
[7355, 7.759153129809983e-05]
[5604, 7.759995160842929e-05]
[2494, 7.761032250914432e-05]
[2361, 7.761099626092654e-05]
[7496, 7.761384075647142e-05]
[3822, 7.76163378010933e-05]
[7507, 7.763840452182322e-05]
[7522, 7.765065117019413e-05]
[713, 7.765590272544103e-05]
[4777, 7.765692995429822e-05]
[2261, 7.766069583530811e-05]
[9923, 7.766147429360133e-05]
[5803, 7.766730429138277e-05]
[5426, 7.767727387675501e-05]
[1742, 7.768125031750304e-05]
[744, 7.768744333523605e-05]
[9168, 7.768762468954822e-05]
[4648, 7.768762635807343e-05]
[7462, 7.769617325034648e-05]
[8459, 7.769735805533188e-05]
[6115, 7.769827548263413e-05]
[7052, 7.770069618896186e-05]
[8333, 7.771434740541178e-05]
[4263, 7.774102797296735e-05]
[7808, 7.774507837313716e-05]
[6206, 7.774923424106587e-05]
[3449, 7.775075324125728e-05]
[2530, 7.775124453915221e-05]
[8087, 7.775214301027478e-05]
[4311, 7.775393240004193e-05]
[3265, 7.775552294776897e-05]
[3692, 7.775660941065828e-05]
[6615, 7.775923309891678e-05]
[10435, 7.77784260420211e-05]
[6065, 7.777872960808056e-05]
[3136, 7.777959240993186e-05]
[7249, 7.778170707172782e-05]
[1691, 7.778288532955523e-05]
[7609, 7.778615096610869e-05]
[1783, 7.77863993440697e-05]
[5998, 7.779490726162456e-05]
[4909, 7.779739184218415e-05]
[4587, 7.780431404992924e-05]
[6336, 7.780661793792156e-05]
[3990, 7.780849921414912e-05]
[9525, 7.781191478256311e-05]
[7745, 7.781434541325889e-05]
[227, 7.782021793049202e-05]
[8005, 7.78206001461401e-05]
[9781, 7.782824491194126e-05]
[5090, 7.782946647858123e-05]
[3296, 7.782963095091584e-05]
[3813, 7.78520884559416e-05]
[3495, 7.785478143280576e-05]
[7621, 7.785501280073219e-05]
[8112, 7.786523387908902e-05]
[8113, 7.786523387908902e-05]
[8114, 7.786523387908902e-05]
[8115, 7.786523387908902e-05]
[8116, 7.786523387908902e-05]
[8117, 7.786523387908902e-05]
[8118, 7.786523387908902e-05]
[2021, 7.786662040810946e-05]
[2843, 7.787278093354188e-05]
[2986, 7.787795885694727e-05]
[2372, 7.788080401543369e-05]
[2416, 7.789134003875482e-05]
[9886, 7.789584969838644e-05]
[2161, 7.790536531814591e-05]
[4092, 7.790977104251528e-05]
[7106, 7.791446667719718e-05]
[7240, 7.791898346356527e-05]
[4112, 7.79226939695612e-05]
[3379, 7.792537027825697e-05]
[8594, 7.793033025313328e-05]
[5007, 7.794895892566733e-05]
[3841, 7.79511345888609e-05]
[5211, 7.795114186999992e-05]
[10290, 7.796245577677027e-05]
[8920, 7.796491593047625e-05]
[9296, 7.796889038867414e-05]
[4632, 7.797095926195032e-05]
[1557, 7.797592752250011e-05]
[7563, 7.798064800391337e-05]
[7800, 7.798308775893046e-05]
[10080, 7.798697620800906e-05]
[8569, 7.799056329595616e-05]
[2884, 7.79909057013949e-05]
[2430, 7.799316064708558e-05]
[6164, 7.800360985455411e-05]
[4518, 7.800398971519011e-05]
[7992, 7.80067600653915e-05]
[8491, 7.800918625500025e-05]
[5355, 7.801366847492664e-05]
[6329, 7.801381110568719e-05]
[1442, 7.801567555227439e-05]
[3177, 7.8017904362974e-05]
[3570, 7.801932583717243e-05]
[5715, 7.802487938352124e-05]
[1464, 7.802997532396354e-05]
[7859, 7.80307574858189e-05]
[4637, 7.80387604553318e-05]
[6381, 7.804867657694647e-05]
[3470, 7.80507748082412e-05]
[5670, 7.80567362332058e-05]
[3927, 7.806309554329989e-05]
[5702, 7.806441483798939e-05]
[2414, 7.80678504936606e-05]
[1332, 7.807363955081209e-05]
[2949, 7.808304033637446e-05]
[9171, 7.808409416560838e-05]
[8968, 7.808676765439242e-05]
[9760, 7.80992732713802e-05]
[3770, 7.809984792024312e-05]
[3261, 7.810688098364755e-05]
[4292, 7.811461682776715e-05]
[5420, 7.811470197396029e-05]
[3599, 7.811729506178392e-05]
[7669, 7.811892274690463e-05]
[10519, 7.812358967278438e-05]
[3289, 7.812822626381835e-05]
[3975, 7.813861288976921e-05]
[1768, 7.816576585855697e-05]
[1154, 7.817101923912031e-05]
[5610, 7.818037675083692e-05]
[2269, 7.818284946841335e-05]
[3518, 7.81829505888931e-05]
[9717, 7.818792043344382e-05]
[3609, 7.819305564583245e-05]
[7386, 7.819897908680825e-05]
[7004, 7.821189462526684e-05]
[6225, 7.823693393385872e-05]
[8461, 7.826378836747055e-05]
[6116, 7.826394815671771e-05]
[2092, 7.82641719081188e-05]
[9094, 7.826531515786446e-05]
[5266, 7.827400996641355e-05]
[807, 7.830506687375251e-05]
[6471, 7.832225053906948e-05]
[7030, 7.834888756669961e-05]
[7433, 7.835847053311327e-05]
[5598, 7.836536034095853e-05]
[10156, 7.83657908001815e-05]
[4900, 7.836822373883832e-05]
[3602, 7.836823470363049e-05]
[7470, 7.837300415415311e-05]
[6072, 7.837852227279569e-05]
[9358, 7.8378881203417e-05]
[9258, 7.839587217634518e-05]
[5996, 7.839656980147555e-05]
[9953, 7.839917525450356e-05]
[2681, 7.83997774435714e-05]
[4714, 7.840089814670056e-05]
[1206, 7.840103358638824e-05]
[1208, 7.840103358638824e-05]
[6920, 7.840138578822465e-05]
[6448, 7.840624914991269e-05]
[3618, 7.842284635383736e-05]
[3582, 7.846451847021358e-05]
[3414, 7.846505824674464e-05]
[1269, 7.848525477391322e-05]
[6790, 7.848861397522934e-05]
[2746, 7.849288473131491e-05]
[2749, 7.849288473131491e-05]
[5029, 7.849305609230911e-05]
[7560, 7.849374801630296e-05]
[4599, 7.850557928387142e-05]
[7434, 7.850657322143147e-05]
[2653, 7.850776694381061e-05]
[3830, 7.851800693405067e-05]
[5897, 7.852705718703683e-05]
[14, 7.854367029356792e-05]
[971, 7.854503038280019e-05]
[5568, 7.856289074453884e-05]
[9000, 7.856467163501474e-05]
[3874, 7.857628434235661e-05]
[8457, 7.858029773595233e-05]
[673, 7.859741235304806e-05]
[9059, 7.860929571020249e-05]
[571, 7.862087569851555e-05]
[9565, 7.862794323333561e-05]
[9566, 7.862794323333561e-05]
[235, 7.863088622408069e-05]
[3691, 7.863174320788492e-05]
[2581, 7.864393324201759e-05]
[5953, 7.864447572475848e-05]
[6306, 7.86487259317062e-05]
[3825, 7.865838262654838e-05]
[4280, 7.866426800915682e-05]
[9297, 7.866556269908845e-05]
[974, 7.866686441218435e-05]
[9970, 7.866865083043842e-05]
[3756, 7.866880681508639e-05]
[4832, 7.867039945407824e-05]
[3586, 7.867311238517347e-05]
[3550, 7.867613579423297e-05]
[6675, 7.867796464951152e-05]
[8338, 7.868069030482693e-05]
[4100, 7.86910109746353e-05]
[4493, 7.869105762284311e-05]
[1637, 7.869928883705329e-05]
[678, 7.870166510743314e-05]
[7078, 7.870281433905591e-05]
[7152, 7.870421380639008e-05]
[7565, 7.871895994093187e-05]
[9738, 7.872375824948372e-05]
[8764, 7.873192077157276e-05]
[9302, 7.873209326801041e-05]
[8907, 7.873417159179468e-05]
[1307, 7.873836481101484e-05]
[3041, 7.874244647808936e-05]
[3703, 7.876327454751431e-05]
[6944, 7.876613934989462e-05]
[3321, 7.877257374518351e-05]
[4481, 7.878300547311485e-05]
[3176, 7.878708325104179e-05]
[3170, 7.878918605390138e-05]
[7173, 7.879340295744701e-05]
[1065, 7.880361113719207e-05]
[5068, 7.88061231861941e-05]
[5055, 7.880955749639995e-05]
[5399, 7.882108554305571e-05]
[6207, 7.883118459008136e-05]
[8161, 7.883681382798302e-05]
[6719, 7.884350984110373e-05]
[7902, 7.884533920765844e-05]
[2818, 7.886186653280093e-05]
[3647, 7.886506725118731e-05]
[4704, 7.886515673333269e-05]
[559, 7.888501784620359e-05]
[8660, 7.8888810288762e-05]
[9223, 7.889292540651233e-05]
[5839, 7.889338521785667e-05]
[5562, 7.889615980539445e-05]
[4228, 7.890115123932851e-05]
[3709, 7.890387850430237e-05]
[3712, 7.890387850430237e-05]
[4506, 7.890457142614947e-05]
[3168, 7.890497436398917e-05]
[4108, 7.890840492723711e-05]
[8140, 7.8919279950916e-05]
[9916, 7.892188347073247e-05]
[1979, 7.893279974995033e-05]
[6583, 7.894063698330422e-05]
[4752, 7.894291277692685e-05]
[2815, 7.895175284133483e-05]
[7438, 7.895877014980378e-05]
[2441, 7.896394404346067e-05]
[5095, 7.89662375162985e-05]
[7334, 7.897081901840584e-05]
[4350, 7.89737412829667e-05]
[8053, 7.897615634463377e-05]
[6375, 7.897917307242827e-05]
[3002, 7.897936505902941e-05]
[8325, 7.898289978276827e-05]
[9135, 7.898532062348901e-05]
[2500, 7.898756673450715e-05]
[2501, 7.898756673450715e-05]
[2503, 7.898756673450715e-05]
[8142, 7.899390237467828e-05]
[8406, 7.901288869886817e-05]
[8000, 7.901334518540485e-05]
[7840, 7.902531993618099e-05]
[8184, 7.902676674765286e-05]
[552, 7.902727301024154e-05]
[7420, 7.902835351508957e-05]
[5888, 7.902949778516705e-05]
[6549, 7.90314576862342e-05]
[6524, 7.90491676926245e-05]
[2376, 7.905188134291518e-05]
[8805, 7.905542155793385e-05]
[7426, 7.906048166006716e-05]
[7929, 7.90687887742175e-05]
[8673, 7.906946129185156e-05]
[2371, 7.907118693036443e-05]
[9377, 7.907266265889927e-05]
[3542, 7.908353294378356e-05]
[7917, 7.909682720158974e-05]
[2049, 7.909960272305206e-05]
[2079, 7.911230384882441e-05]
[556, 7.911372628599712e-05]
[9570, 7.911439759795487e-05]
[72, 7.911616598092146e-05]
[4928, 7.911861394338689e-05]
[4270, 7.911935681847356e-05]
[3017, 7.912679213717766e-05]
[7627, 7.913024273020553e-05]
[9665, 7.913619097229556e-05]
[8414, 7.913857051434117e-05]
[1992, 7.913959639241797e-05]
[5458, 7.915048708576996e-05]
[5725, 7.915208736986214e-05]
[6455, 7.918209739368283e-05]
[8786, 7.918512528885876e-05]
[2716, 7.91885737919693e-05]
[5351, 7.920143691098859e-05]
[7535, 7.920524092074262e-05]
[7021, 7.922615157410584e-05]
[7129, 7.923411902852481e-05]
[5472, 7.924216040539566e-05]
[1463, 7.92434862424352e-05]
[1967, 7.924481740133853e-05]
[4137, 7.925085355204164e-05]
[5951, 7.92560535789297e-05]
[5724, 7.927596681262124e-05]
[5628, 7.92833185379129e-05]
[4531, 7.929243251995701e-05]
[9401, 7.929426067561482e-05]
[10057, 7.92948962779214e-05]
[1355, 7.929915597843943e-05]
[8027, 7.931157250259771e-05]
[9720, 7.931159426360011e-05]
[997, 7.932345218339287e-05]
[2099, 7.932401372346426e-05]
[2101, 7.932401372346426e-05]
[2103, 7.932401372346426e-05]
[2104, 7.932401372346426e-05]
[2105, 7.932401372346426e-05]
[1337, 7.933040530574249e-05]
[1466, 7.933261067025161e-05]
[5883, 7.933592845718261e-05]
[6614, 7.93517513992311e-05]
[917, 7.93540875945468e-05]
[6283, 7.935549149543879e-05]
[7643, 7.935647501091422e-05]
[7435, 7.936223011272742e-05]
[3545, 7.936298975215453e-05]
[6899, 7.936444861745917e-05]
[7192, 7.936502992457472e-05]
[4905, 7.93686151193078e-05]
[6924, 7.937721055377721e-05]
[1358, 7.938765608739141e-05]
[1360, 7.938765608739141e-05]
[9003, 7.939700010239956e-05]
[6821, 7.940188802399641e-05]
[4405, 7.940289100535936e-05]
[2711, 7.940392258224649e-05]
[2712, 7.940392258224649e-05]
[2146, 7.941032783020317e-05]
[6707, 7.942167035998563e-05]
[7429, 7.943517946515125e-05]
[4662, 7.944056628177856e-05]
[3309, 7.945618367486077e-05]
[3312, 7.945618367486077e-05]
[1781, 7.946129994642403e-05]
[5650, 7.946451748305944e-05]
[6172, 7.947217789028823e-05]
[7955, 7.947912312683924e-05]
[7874, 7.947982345813637e-05]
[2920, 7.948993280707362e-05]
[1793, 7.949099211314541e-05]
[3347, 7.949873417337444e-05]
[3340, 7.950590245978597e-05]
[6941, 7.950998318187778e-05]
[2671, 7.952396405546013e-05]
[3854, 7.953590889985233e-05]
[6126, 7.955191865112895e-05]
[3628, 7.955905797451407e-05]
[9024, 7.956235972307466e-05]
[7103, 7.956271316509314e-05]
[3371, 7.957621937558282e-05]
[5276, 7.957770290807077e-05]
[4174, 7.95827708164849e-05]
[5915, 7.95880511776752e-05]
[6403, 7.959724281914595e-05]
[10090, 7.959761621659348e-05]
[3405, 7.960192217947075e-05]
[3427, 7.960224764507859e-05]
[7631, 7.961896735010506e-05]
[4603, 7.962212809939218e-05]
[8862, 7.963027847241559e-05]
[5352, 7.963694246165853e-05]
[4250, 7.964056236183751e-05]
[2795, 7.964912616910733e-05]
[9091, 7.965214959092445e-05]
[9265, 7.965887427632765e-05]
[5529, 7.96593657255731e-05]
[3828, 7.966467032698111e-05]
[1128, 7.967002807796305e-05]
[9018, 7.967443412602712e-05]
[9106, 7.967759672615005e-05]
[3554, 7.968095489497084e-05]
[158, 7.969475849320898e-05]
[5109, 7.970500816727757e-05]
[7033, 7.97154879738927e-05]
[7705, 7.971656447263486e-05]
[1192, 7.972137252505309e-05]
[8710, 7.972383242833791e-05]
[3873, 7.973015324363272e-05]
[3284, 7.973056407075057e-05]
[2792, 7.974304914926303e-05]
[4102, 7.975616143397198e-05]
[380, 7.976197175617946e-05]
[7468, 7.976253878669733e-05]
[6688, 7.977218336049733e-05]
[6304, 7.98004964471686e-05]
[196, 7.98123638580659e-05]
[2249, 7.982031000079113e-05]
[8585, 7.983410345546825e-05]
[3994, 7.984456971482423e-05]
[1977, 7.984461129248853e-05]
[3704, 7.985054487889658e-05]
[3090, 7.985388873518616e-05]
[2876, 7.986803044452966e-05]
[3051, 7.987499820867724e-05]
[4158, 7.987837110095142e-05]
[8759, 7.98874491541335e-05]
[8989, 7.989048766511547e-05]
[2496, 7.990030985080544e-05]
[1044, 7.990597500120824e-05]
[3608, 7.991210773142655e-05]
[251, 7.991705785545704e-05]
[5333, 7.992088187210893e-05]
[6586, 7.992335014910321e-05]
[8890, 7.992483498739951e-05]
[1326, 7.992871623671211e-05]
[5509, 7.993609938795505e-05]
[6991, 7.994592263316298e-05]
[8758, 7.994758801668582e-05]
[5909, 7.997339533531014e-05]
[5712, 7.997473263737709e-05]
[6210, 7.997498676807607e-05]
[1939, 7.998893276205178e-05]
[8217, 8.000167306491745e-05]
[6226, 8.000931274995302e-05]
[2868, 8.001507548125274e-05]
[3337, 8.00236781493099e-05]
[5836, 8.002727395200259e-05]
[9636, 8.002770810965555e-05]
[6979, 8.002885187279984e-05]
[4149, 8.003022333529197e-05]
[295, 8.003289658235606e-05]
[4330, 8.003858803693067e-05]
[42, 8.004117784392663e-05]
[6510, 8.004635524164445e-05]
[2525, 8.00599319181218e-05]
[9086, 8.006007154262691e-05]
[377, 8.006336186129257e-05]
[5777, 8.0071975075341e-05]
[9217, 8.008036348679853e-05]
[3404, 8.008275492530998e-05]
[6026, 8.008853043142461e-05]
[5213, 8.00908027822746e-05]
[573, 8.009238259463792e-05]
[9633, 8.009296102635087e-05]
[902, 8.009699171051667e-05]
[8495, 8.010416646043303e-05]
[9614, 8.011438334994921e-05]
[7843, 8.012555581606977e-05]
[1201, 8.01329600714589e-05]
[4150, 8.014632987856915e-05]
[3617, 8.014888780747007e-05]
[9759, 8.01515485703954e-05]
[6212, 8.015580065642005e-05]
[464, 8.016296399464573e-05]
[6622, 8.017140051744664e-05]
[2893, 8.018074157896408e-05]
[6277, 8.018176962236975e-05]
[6625, 8.021489334036047e-05]
[9093, 8.021701493543743e-05]
[2052, 8.022241874010777e-05]
[9744, 8.02347745541769e-05]
[10122, 8.0237972779492e-05]
[9826, 8.024064018964148e-05]
[5306, 8.024597327510951e-05]
[3306, 8.02491772022168e-05]
[9675, 8.025674858445066e-05]
[7007, 8.026385836934712e-05]
[844, 8.027550016776933e-05]
[5357, 8.02925228678643e-05]
[123, 8.0294398008217e-05]
[8375, 8.029482935112508e-05]
[4760, 8.030598660514705e-05]
[4234, 8.031009380780408e-05]
[4236, 8.031009380780408e-05]
[4237, 8.031009380780408e-05]
[2446, 8.031128831819485e-05]
[445, 8.0315788478403e-05]
[4176, 8.031624163793412e-05]
[6650, 8.031818850237877e-05]
[9198, 8.032287850920551e-05]
[6681, 8.033288243598322e-05]
[513, 8.033764831736827e-05]
[8812, 8.033970888800085e-05]
[4062, 8.034211802581456e-05]
[2423, 8.036413182866688e-05]
[201, 8.036727210891689e-05]
[7832, 8.036730937027979e-05]
[8524, 8.037162178526898e-05]
[3615, 8.038282561361861e-05]
[5110, 8.038483481158554e-05]
[1312, 8.038933766662191e-05]
[8612, 8.039126805233056e-05]
[676, 8.039475167492108e-05]
[601, 8.041855587942118e-05]
[2054, 8.042404448387423e-05]
[4397, 8.042705890516416e-05]
[4608, 8.044328436605069e-05]
[3731, 8.044344765751067e-05]
[7511, 8.044498784819591e-05]
[6727, 8.046692278270299e-05]
[5591, 8.046936868708288e-05]
[2698, 8.047655709296766e-05]
[5088, 8.047742966410984e-05]
[2363, 8.047805764205976e-05]
[3870, 8.048574915581209e-05]
[4242, 8.048621691390137e-05]
[2956, 8.048930447272574e-05]
[8280, 8.049438556280056e-05]
[9601, 8.049679435250115e-05]
[7552, 8.051107849403376e-05]
[7836, 8.052767250658274e-05]
[8423, 8.054486354829435e-05]
[6178, 8.054548785011921e-05]
[4788, 8.055717357729442e-05]
[4377, 8.055762692578727e-05]
[1123, 8.05582402109906e-05]
[5838, 8.057176054592164e-05]
[8012, 8.059083671513721e-05]
[4886, 8.059387844710028e-05]
[7195, 8.059619777366276e-05]
[4553, 8.059773733051971e-05]
[8314, 8.06040389710095e-05]
[1866, 8.060873392848592e-05]
[2943, 8.061829613258753e-05]
[5401, 8.06238212118823e-05]
[6910, 8.062922989680815e-05]
[7446, 8.063557288031859e-05]
[1873, 8.063960340898657e-05]
[1874, 8.063960340898657e-05]
[1875, 8.063960340898657e-05]
[1876, 8.063960340898657e-05]
[1877, 8.063960340898657e-05]
[1878, 8.063960340898657e-05]
[1880, 8.063960340898657e-05]
[1882, 8.063960340898657e-05]
[8977, 8.064433905097371e-05]
[7960, 8.064445971714176e-05]
[4413, 8.065026488657183e-05]
[4927, 8.065199448726364e-05]
[7095, 8.065888229582768e-05]
[2627, 8.06635203245298e-05]
[6900, 8.066380812483842e-05]
[5757, 8.06706459825697e-05]
[8147, 8.068178753625399e-05]
[8149, 8.068178753625399e-05]
[4109, 8.06866956260303e-05]
[7328, 8.069296879789199e-05]
[2726, 8.069609978842629e-05]
[1791, 8.070497579106037e-05]
[2445, 8.07157763077645e-05]
[4952, 8.071897923331788e-05]
[972, 8.072771422274734e-05]
[1283, 8.07541250534846e-05]
[4787, 8.07857621121085e-05]
[2168, 8.078760605373511e-05]
[2860, 8.078846370498636e-05]
[9307, 8.080112039644646e-05]
[4926, 8.080633128191252e-05]
[2334, 8.080683946664989e-05]
[2335, 8.080683946664989e-05]
[1286, 8.081144136375684e-05]
[1799, 8.0815565549444e-05]
[8791, 8.083410947033073e-05]
[2612, 8.084159054526068e-05]
[5546, 8.085114899808774e-05]
[3278, 8.086594189319551e-05]
[3804, 8.086931877274633e-05]
[2428, 8.087157906705543e-05]
[4393, 8.088369010654445e-05]
[4483, 8.089867908701463e-05]
[4503, 8.090963860554837e-05]
[5664, 8.091458841466518e-05]
[1017, 8.092204709981772e-05]
[6106, 8.092495644677886e-05]
[2114, 8.09287473270971e-05]
[2118, 8.09287473270971e-05]
[2120, 8.09287473270971e-05]
[7223, 8.09302569741156e-05]
[4702, 8.093173904547976e-05]
[3229, 8.093605142322582e-05]
[7697, 8.093810604995678e-05]
[4044, 8.094543331936813e-05]
[4066, 8.095813692073737e-05]
[951, 8.096100691149297e-05]
[5771, 8.096136044194135e-05]
[6584, 8.096637637099494e-05]
[3760, 8.097092548488302e-05]
[5918, 8.097159346360995e-05]
[4475, 8.097590122369995e-05]
[2606, 8.097775939862445e-05]
[3893, 8.098178914815371e-05]
[8939, 8.099684819949253e-05]
[8875, 8.101287440606913e-05]
[7072, 8.10143772425876e-05]
[1407, 8.101520732351889e-05]
[5985, 8.101977583840615e-05]
[2324, 8.102068457644082e-05]
[1681, 8.102313806628079e-05]
[5083, 8.10265832011762e-05]
[7545, 8.104630532380818e-05]
[4695, 8.105189897203429e-05]
[3883, 8.106857345982179e-05]
[792, 8.108152537333851e-05]
[5147, 8.11028563589658e-05]
[4972, 8.110877675864125e-05]
[8033, 8.111104224359331e-05]
[3375, 8.111323405707644e-05]
[5460, 8.112424113578608e-05]
[9433, 8.115258506748605e-05]
[5326, 8.115353293795212e-05]
[4917, 8.115411905805901e-05]
[2515, 8.11544000386549e-05]
[8728, 8.116045947615259e-05]
[4813, 8.117114502682654e-05]
[4557, 8.1172823487653e-05]
[6328, 8.117294712066762e-05]
[6444, 8.118074398717344e-05]
[4983, 8.118606371448148e-05]
[7939, 8.120065214466128e-05]
[7639, 8.120688356170203e-05]
[4693, 8.121677802011966e-05]
[7671, 8.123142108839908e-05]
[4415, 8.123465133029973e-05]
[6330, 8.12383152311604e-05]
[8784, 8.123848784300014e-05]
[5899, 8.123953327126104e-05]
[8409, 8.12396884692141e-05]
[6066, 8.124135312278826e-05]
[490, 8.124776766547446e-05]
[8183, 8.125519512801373e-05]
[6368, 8.12555218992391e-05]
[1396, 8.125891949924798e-05]
[4194, 8.127144632485642e-05]
[5627, 8.127234807919523e-05]
[5468, 8.127920479851393e-05]
[5950, 8.127984857368906e-05]
[3995, 8.128726889046326e-05]
[4326, 8.129842909556539e-05]
[5200, 8.130160584585798e-05]
[7954, 8.130201034807296e-05]
[4204, 8.130991357229681e-05]
[5252, 8.131222943350114e-05]
[6398, 8.131424772470201e-05]
[1620, 8.131445534564764e-05]
[2786, 8.135416219151308e-05]
[191, 8.135629364520869e-05]
[6456, 8.135791759798536e-05]
[7005, 8.136040979178652e-05]
[8839, 8.136362353595002e-05]
[8842, 8.13778165278637e-05]
[4844, 8.138211077570462e-05]
[808, 8.138220541479772e-05]
[274, 8.138795466642957e-05]
[828, 8.141095253847382e-05]
[8819, 8.143158252228221e-05]
[6528, 8.146802522314268e-05]
[3160, 8.1468397050375e-05]
[5113, 8.147214460643552e-05]
[6874, 8.150146924092725e-05]
[3619, 8.150611111237204e-05]
[5824, 8.151755830371438e-05]
[7183, 8.152148526351918e-05]
[3171, 8.152640975676131e-05]
[5009, 8.153626304967856e-05]
[9740, 8.155933968378739e-05]
[3517, 8.156226168232391e-05]
[4749, 8.156358359703756e-05]
[3850, 8.1579895123446e-05]
[4592, 8.158644217243883e-05]
[2729, 8.160003517423408e-05]
[728, 8.160021643470691e-05]
[729, 8.160021643470691e-05]
[6299, 8.160298839502511e-05]
[1822, 8.160573383960937e-05]
[7360, 8.160602976057865e-05]
[5926, 8.162830191234229e-05]
[5205, 8.162927441939017e-05]
[1993, 8.164035404032153e-05]
[8843, 8.164901981585152e-05]
[6253, 8.165092229749961e-05]
[6127, 8.165421612226921e-05]
[4196, 8.16589453678952e-05]
[3842, 8.166125645996572e-05]
[1694, 8.167464754743629e-05]
[579, 8.169285189139135e-05]
[3848, 8.171467251747255e-05]
[4992, 8.172179487766267e-05]
[1348, 8.172337799656251e-05]
[6897, 8.172590559715934e-05]
[4192, 8.173646796662314e-05]
[6278, 8.175143564050221e-05]
[8737, 8.175277151165605e-05]
[4812, 8.176215040763758e-05]
[2470, 8.177547523674829e-05]
[3899, 8.177867063875292e-05]
[6392, 8.17911794623353e-05]
[420, 8.179779939474391e-05]
[9145, 8.180763680916916e-05]
[771, 8.18166292026684e-05]
[5876, 8.181880735464944e-05]
[7719, 8.182270379057015e-05]
[5254, 8.182374315463174e-05]
[3897, 8.182502090709379e-05]
[415, 8.182590996075388e-05]
[5365, 8.182866014401441e-05]
[6423, 8.183850457208177e-05]
[1796, 8.185065158352545e-05]
[5207, 8.185935612573321e-05]
[1153, 8.186317523027204e-05]
[1496, 8.18671467042997e-05]
[9374, 8.188459146439732e-05]
[7728, 8.188852673822236e-05]
[3786, 8.189527723252364e-05]
[1556, 8.190739106909794e-05]
[3057, 8.191252435129605e-05]
[3338, 8.191412425180783e-05]
[3924, 8.192272944554577e-05]
[4304, 8.192930112751654e-05]
[8107, 8.194428721522921e-05]
[355, 8.196131771598638e-05]
[7067, 8.196717470534501e-05]
[6946, 8.198173123513043e-05]
[5144, 8.199306160156868e-05]
[7752, 8.200244827820028e-05]
[3481, 8.200725829829993e-05]
[2043, 8.200789362009146e-05]
[3479, 8.201578235665154e-05]
[2284, 8.201605930943317e-05]
[2286, 8.201605930943317e-05]
[6861, 8.201649849129221e-05]
[5025, 8.202619700878655e-05]
[5898, 8.202620748122673e-05]
[9505, 8.20387772592454e-05]
[9214, 8.204066119182803e-05]
[5455, 8.204737536830204e-05]
[4761, 8.206380504672207e-05]
[10438, 8.208984128361803e-05]
[8810, 8.209126620903113e-05]
[2057, 8.212446532894516e-05]
[5818, 8.212558465014288e-05]
[6544, 8.21277906786016e-05]
[3968, 8.213031872875826e-05]
[1966, 8.214942411260738e-05]
[7138, 8.21577159322529e-05]
[7509, 8.217235576617131e-05]
[5307, 8.217942400696897e-05]
[6303, 8.218444972974915e-05]
[7487, 8.218540266739406e-05]
[3108, 8.218610428183817e-05]
[359, 8.220865840241291e-05]
[930, 8.223123146388223e-05]
[7128, 8.223711833540245e-05]
[4013, 8.223813208320187e-05]
[1838, 8.224528209117367e-05]
[7353, 8.226007333031671e-05]
[861, 8.226269623677635e-05]
[3144, 8.226293138374928e-05]
[361, 8.22672267917152e-05]
[7709, 8.226860998817064e-05]
[8781, 8.228178604023786e-05]
[4451, 8.228733389818901e-05]
[4562, 8.228979163445148e-05]
[3732, 8.229263529539485e-05]
[5577, 8.23033597590366e-05]
[3524, 8.230501011075355e-05]
[3526, 8.230501011075355e-05]
[142, 8.232925382127887e-05]
[5867, 8.233521132519235e-05]
[3838, 8.234029709909918e-05]
[5622, 8.234687601450884e-05]
[1063, 8.235327847438148e-05]
[6271, 8.235356912772912e-05]
[3537, 8.235372450636881e-05]
[4867, 8.235623598856218e-05]
[8278, 8.236944650486472e-05]
[879, 8.236962780461867e-05]
[3742, 8.23927003947423e-05]
[5530, 8.239614561621973e-05]
[9211, 8.241387574858491e-05]
[10603, 8.241414591477346e-05]
[10841, 8.241645482981363e-05]
[3909, 8.24260115487175e-05]
[3122, 8.242680280448046e-05]
[5439, 8.243252191944663e-05]
[10531, 8.243304058866646e-05]
[2841, 8.24636103519727e-05]
[1121, 8.247200685728112e-05]
[7514, 8.247797199193392e-05]
[5071, 8.247824471093118e-05]
[4259, 8.24879087556617e-05]
[1898, 8.250289343375398e-05]
[4010, 8.250603942268345e-05]
[9117, 8.252208587176832e-05]
[109, 8.253307967222963e-05]
[8974, 8.253577007525585e-05]
[6034, 8.255029722876599e-05]
[4182, 8.255361203702904e-05]
[739, 8.256464107829751e-05]
[4398, 8.256634065434829e-05]
[6114, 8.256785635303695e-05]
[3544, 8.257155546701603e-05]
[3971, 8.257441781883667e-05]
[4307, 8.257656956260478e-05]
[1132, 8.257843876035331e-05]
[1561, 8.259049641695116e-05]
[7490, 8.259532918317333e-05]
[4154, 8.260024830945365e-05]
[3632, 8.260943699814791e-05]
[3634, 8.260943699814791e-05]
[3933, 8.262069550863337e-05]
[3111, 8.262145351871058e-05]
[8980, 8.263386964417401e-05]
[4186, 8.263419807610282e-05]
[2809, 8.263734738574695e-05]
[1444, 8.264387640195677e-05]
[4420, 8.264461051790705e-05]
[23, 8.264924504618648e-05]
[5774, 8.266377224220548e-05]
[6014, 8.266400226067421e-05]
[1563, 8.266945510291166e-05]
[1828, 8.26752799161989e-05]
[7972, 8.267787876655794e-05]
[5354, 8.268356874195047e-05]
[8934, 8.269987559343393e-05]
[2823, 8.270344271797023e-05]
[3116, 8.270562585360822e-05]
[10120, 8.27105408179594e-05]
[2861, 8.271200737619916e-05]
[5940, 8.271423619299795e-05]
[278, 8.271472860240406e-05]
[6794, 8.272593079795825e-05]
[4789, 8.27282972628378e-05]
[1387, 8.273345095449912e-05]
[1390, 8.273345095449912e-05]
[1392, 8.273345095449912e-05]
[1394, 8.273345095449912e-05]
[2567, 8.275388879810876e-05]
[2281, 8.276656038285182e-05]
[2550, 8.276840277159459e-05]
[4262, 8.276992274035078e-05]
[530, 8.277384398116123e-05]
[5645, 8.27740612739761e-05]
[2252, 8.277411464880083e-05]
[7019, 8.278268246714362e-05]
[5384, 8.278648962622078e-05]
[4286, 8.280092613499204e-05]
[1745, 8.28081670611212e-05]
[6048, 8.28343151495878e-05]
[4179, 8.283982628190348e-05]
[2432, 8.28485632699824e-05]
[1335, 8.284860277915301e-05]
[4107, 8.285931072962165e-05]
[3207, 8.286591042040074e-05]
[2573, 8.286606962319572e-05]
[768, 8.28660905735185e-05]
[2004, 8.287064808841544e-05]
[8735, 8.287700941256137e-05]
[4811, 8.28790361180076e-05]
[2925, 8.288107029969197e-05]
[242, 8.288224599423328e-05]
[7374, 8.288699531975612e-05]
[4216, 8.288933374219332e-05]
[6504, 8.290278573773804e-05]
[4932, 8.291506192753824e-05]
[4331, 8.292625488767432e-05]
[6843, 8.292857816602977e-05]
[2227, 8.293591709429478e-05]
[4306, 8.295499999442362e-05]
[1425, 8.296243869667856e-05]
[7872, 8.300682650286736e-05]
[604, 8.302193430369339e-05]
[4767, 8.30247742125997e-05]
[6000, 8.30280931650544e-05]
[6464, 8.303386541384303e-05]
[6891, 8.303475685276929e-05]
[7748, 8.304095418458718e-05]
[10865, 8.305326935929304e-05]
[8354, 8.30569986760651e-05]
[5820, 8.305867273353994e-05]
[4646, 8.307095926802626e-05]
[3989, 8.307303225124173e-05]
[6180, 8.30751976861979e-05]
[6254, 8.310776878211767e-05]
[8998, 8.312455006434745e-05]
[4459, 8.313134372815339e-05]
[4378, 8.313239358594367e-05]
[9112, 8.31354505138106e-05]
[2743, 8.313675625061329e-05]
[8816, 8.314966784228508e-05]
[3562, 8.315284892075373e-05]
[3372, 8.315536291237443e-05]
[1801, 8.31641444895045e-05]
[2659, 8.316853316239038e-05]
[1297, 8.316947537515912e-05]
[2874, 8.319220551025286e-05]
[300, 8.319984699811089e-05]
[5146, 8.320041507432587e-05]
[6784, 8.320145680701102e-05]
[9844, 8.320641755654193e-05]
[4720, 8.320787514637169e-05]
[4658, 8.321263092223689e-05]
[5125, 8.322492821706198e-05]
[5620, 8.323278094406138e-05]
[4571, 8.323501224130336e-05]
[758, 8.323670673137423e-05]
[8922, 8.324641775587351e-05]
[8222, 8.324804204111534e-05]
[7472, 8.325568581440956e-05]
[6148, 8.326284089466273e-05]
[4542, 8.326298736479365e-05]
[3922, 8.328844681352828e-05]
[5754, 8.32947289893364e-05]
[3059, 8.330688531808309e-05]
[9116, 8.331094743223088e-05]
[2178, 8.33158789970125e-05]
[1397, 8.332500471979989e-05]
[3329, 8.333544104800145e-05]
[2429, 8.333619567195698e-05]
[1565, 8.33479697910452e-05]
[4751, 8.335856046956703e-05]
[4207, 8.335952376399658e-05]
[7134, 8.33617349384524e-05]
[154, 8.336579694547478e-05]
[4539, 8.336691604001625e-05]
[4526, 8.336883948874702e-05]
[4418, 8.338041217536478e-05]
[7333, 8.340570396240697e-05]
[8265, 8.34059968589139e-05]
[1585, 8.34131564248599e-05]
[3191, 8.341480264451129e-05]
[3610, 8.342691478438053e-05]
[6883, 8.343540135990003e-05]
[2982, 8.346211052827246e-05]
[6793, 8.347844596870492e-05]
[511, 8.348004728761261e-05]
[10288, 8.348830316425006e-05]
[2656, 8.348903683274851e-05]
[8124, 8.349824204055975e-05]
[4123, 8.350289992304894e-05]
[5779, 8.350580543759132e-05]
[2919, 8.350951379853947e-05]
[3308, 8.351596958415446e-05]
[3955, 8.351611307636975e-05]
[5575, 8.353296323219504e-05]
[6441, 8.353343478480297e-05]
[285, 8.353661666116698e-05]
[4522, 8.355268401701499e-05]
[3077, 8.355806602204561e-05]
[7611, 8.356018295138885e-05]
[4232, 8.356229353217839e-05]
[4254, 8.356477088931094e-05]
[2375, 8.357889508721225e-05]
[501, 8.357937341572797e-05]
[3699, 8.363581407778856e-05]
[2216, 8.364383150552883e-05]
[3050, 8.365455406996236e-05]
[5877, 8.365770324120099e-05]
[2728, 8.366671510078258e-05]
[5052, 8.366918377288425e-05]
[2033, 8.366976783513684e-05]
[6322, 8.367040761967483e-05]
[4971, 8.367510692509878e-05]
[3220, 8.368251666264168e-05]
[2422, 8.368451082481777e-05]
[2519, 8.368464908628736e-05]
[2523, 8.368464908628736e-05]
[3477, 8.370348899717673e-05]
[4803, 8.37211931568527e-05]
[909, 8.372489645315037e-05]
[2678, 8.373355596975765e-05]
[2463, 8.373749413016842e-05]
[6773, 8.374518811203802e-05]
[5808, 8.3757819599037e-05]
[6508, 8.375822669073936e-05]
[9115, 8.376388089061935e-05]
[2160, 8.37758540887901e-05]
[5479, 8.378350326436044e-05]
[8699, 8.378919535093101e-05]
[1276, 8.379329695595812e-05]
[4956, 8.379794250033414e-05]
[1126, 8.381770292352744e-05]
[5852, 8.382339224518594e-05]
[821, 8.384273073022976e-05]
[5536, 8.385090464016808e-05]
[6689, 8.385182263691552e-05]
[2201, 8.386381702166559e-05]
[6395, 8.386686678701345e-05]
[4279, 8.387291340874722e-05]
[1140, 8.387329763732934e-05]
[10183, 8.388464440401422e-05]
[5342, 8.389566821422639e-05]
[7135, 8.390184040019451e-05]
[5574, 8.390968024137164e-05]
[6256, 8.391856380622613e-05]
[4209, 8.392465361588482e-05]
[4605, 8.393356879599216e-05]
[3785, 8.394267919478352e-05]
[2366, 8.394843660740616e-05]
[5907, 8.39503849505689e-05]
[7595, 8.395041687568785e-05]
[3260, 8.397285876187222e-05]
[2777, 8.397547409749215e-05]
[8484, 8.397991922913255e-05]
[4344, 8.399108613572736e-05]
[891, 8.399133381389661e-05]
[9410, 8.399725448600053e-05]
[3943, 8.402165638114728e-05]
[3696, 8.402486467965075e-05]
[3637, 8.404074271695268e-05]
[6853, 8.40638712413431e-05]
[4874, 8.407182438201787e-05]
[1682, 8.407893112945504e-05]
[4709, 8.408146424109667e-05]
[9113, 8.409360621199046e-05]
[6340, 8.409556725060512e-05]
[4519, 8.410859103029246e-05]
[4268, 8.411266952137424e-05]
[321, 8.411311760906593e-05]
[5477, 8.412614979296804e-05]
[6090, 8.413230933129051e-05]
[967, 8.413908767029212e-05]
[3980, 8.415289383679588e-05]
[1150, 8.415401673012142e-05]
[9002, 8.415587158804806e-05]
[1849, 8.415836420330775e-05]
[9021, 8.416106975527222e-05]
[7742, 8.416286426886921e-05]
[8992, 8.416516620010764e-05]
[2426, 8.418218105236421e-05]
[6430, 8.419436052857307e-05]
[822, 8.420020085089127e-05]
[3441, 8.420430121229956e-05]
[3195, 8.420904497950281e-05]
[6687, 8.422295607569749e-05]
[1300, 8.422777474763886e-05]
[7889, 8.423159862664949e-05]
[6810, 8.423740632689855e-05]
[7482, 8.424671815350474e-05]
[6811, 8.424806438705874e-05]
[2085, 8.426089049677545e-05]
[3616, 8.42785181818947e-05]
[5983, 8.428116732397633e-05]
[1184, 8.429376129495615e-05]
[2411, 8.429584091995447e-05]
[1597, 8.430107998774915e-05]
[8553, 8.430917661252716e-05]
[6607, 8.431443982951145e-05]
[2727, 8.43471121006202e-05]
[1622, 8.435688605338324e-05]
[9954, 8.436191218815762e-05]
[4059, 8.436551609913879e-05]
[2162, 8.436822267686449e-05]
[7801, 8.438117533812112e-05]
[6780, 8.440793480416917e-05]
[6848, 8.441332826672087e-05]
[7647, 8.443312499430864e-05]
[6103, 8.444498982855748e-05]
[1808, 8.445526445399586e-05]
[2858, 8.44784074289424e-05]
[3193, 8.448139495795061e-05]
[4818, 8.448306535444692e-05]
[7225, 8.448449272217828e-05]
[4083, 8.448521612735061e-05]
[1811, 8.449869322263602e-05]
[5131, 8.450190828370026e-05]
[370, 8.451411353535897e-05]
[825, 8.454268246877236e-05]
[2476, 8.456786620305738e-05]
[7230, 8.458536326708712e-05]
[2307, 8.459073109549239e-05]
[2450, 8.459352204462309e-05]
[518, 8.462053262683992e-05]
[5209, 8.463873058890274e-05]
[8962, 8.463977044352762e-05]
[19, 8.464797820915748e-05]
[1843, 8.465010942704612e-05]
[1070, 8.465499206194107e-05]
[4294, 8.46693469148205e-05]
[8807, 8.467522707959411e-05]
[7451, 8.469045037467907e-05]
[6802, 8.47151420880362e-05]
[2487, 8.47170195941639e-05]
[8675, 8.471961293777261e-05]
[1641, 8.472292662145241e-05]
[9301, 8.473018657070159e-05]
[3411, 8.473813667243974e-05]
[4856, 8.475082912408135e-05]
[7687, 8.475418811935783e-05]
[1757, 8.475988117086348e-05]
[3729, 8.476904720680459e-05]
[7608, 8.477288200601935e-05]
[1404, 8.477445378222635e-05]
[1100, 8.47913108417779e-05]
[6022, 8.479210707330495e-05]
[8563, 8.480569436042744e-05]
[3611, 8.480886491880401e-05]
[462, 8.481992901498555e-05]
[4824, 8.482307386119685e-05]
[3906, 8.483514464342607e-05]
[5018, 8.485724198933333e-05]
[7131, 8.487235448409618e-05]
[7835, 8.487635439870006e-05]
[5478, 8.488166741945898e-05]
[6986, 8.488239447180282e-05]
[4161, 8.488256752829136e-05]
[8437, 8.49023981311494e-05]
[7910, 8.490343591026369e-05]
[1350, 8.491714460067586e-05]
[8806, 8.491836996502358e-05]
[211, 8.493337434324939e-05]
[3389, 8.494140041305205e-05]
[6121, 8.494213260595989e-05]
[7340, 8.49448281728375e-05]
[4240, 8.494802791434271e-05]
[8301, 8.496514759314452e-05]
[4950, 8.497126202065941e-05]
[5636, 8.497199293284915e-05]
[4144, 8.497344381149294e-05]
[1046, 8.497491272370127e-05]
[4155, 8.497925805943468e-05]
[1253, 8.498850073177022e-05]
[1443, 8.498947235576208e-05]
[8225, 8.502782489859027e-05]
[3522, 8.505714711191896e-05]
[9060, 8.506446330305804e-05]
[5392, 8.507600828546533e-05]
[10350, 8.50770637010028e-05]
[3272, 8.507828320942207e-05]
[2452, 8.508646905558114e-05]
[4404, 8.509075467605796e-05]
[4691, 8.509473226499862e-05]
[1619, 8.510174976722451e-05]
[339, 8.51035683956555e-05]
[6050, 8.510973022114134e-05]
[2942, 8.514318059000785e-05]
[6218, 8.51465566961258e-05]
[2939, 8.515323139039152e-05]
[8763, 8.517372293675527e-05]
[2781, 8.517724043002482e-05]
[5766, 8.517863213281622e-05]
[1, 8.518389332748067e-05]
[2902, 8.52010220886894e-05]
[7983, 8.521160002208175e-05]
[3368, 8.521655259547981e-05]
[3023, 8.522656635707125e-05]
[1690, 8.522761764578951e-05]
[4591, 8.523510762732393e-05]
[4152, 8.523949631360958e-05]
[5558, 8.524965699559565e-05]
[6431, 8.525264963903331e-05]
[7201, 8.525496876502325e-05]
[8966, 8.525912390024108e-05]
[6636, 8.532857205244001e-05]
[3744, 8.536500055674843e-05]
[4731, 8.537202304656624e-05]
[6019, 8.538086293567443e-05]
[3594, 8.538829127762213e-05]
[7571, 8.538930306057508e-05]
[5933, 8.538994229151018e-05]
[3345, 8.540902886067315e-05]
[3689, 8.541332595648785e-05]
[5476, 8.541476493699767e-05]
[5067, 8.541604600070761e-05]
[859, 8.54230927210278e-05]
[2537, 8.544149124468876e-05]
[6078, 8.54472578680683e-05]
[6079, 8.54472578680683e-05]
[6080, 8.54472578680683e-05]
[5524, 8.545310567461263e-05]
[2506, 8.546605128474706e-05]
[2626, 8.546944535297775e-05]
[5557, 8.546959085636182e-05]
[8207, 8.547147671757971e-05]
[5295, 8.548652096829703e-05]
[2668, 8.549281637399902e-05]
[7287, 8.549327156959766e-05]
[8854, 8.549385279482037e-05]
[6434, 8.549796095724042e-05]
[5606, 8.550327330556934e-05]
[8144, 8.551271493928959e-05]
[4501, 8.551358301247602e-05]
[3336, 8.55492203209132e-05]
[2356, 8.555072208248582e-05]
[3394, 8.556015634533497e-05]
[6450, 8.556270206571981e-05]
[3942, 8.5565344210143e-05]
[1032, 8.559331606959597e-05]
[3986, 8.55960189422515e-05]
[7484, 8.559873418766614e-05]
[5261, 8.561162745242314e-05]
[5800, 8.561998369162713e-05]
[1241, 8.564381736101285e-05]
[5617, 8.567433699745123e-05]
[7510, 8.568595697539165e-05]
[890, 8.570910071398601e-05]
[489, 8.571212335782365e-05]
[442, 8.571338505724345e-05]
[2932, 8.571604653336565e-05]
[8425, 8.571752773651942e-05]
[7373, 8.573566847030681e-05]
[5746, 8.574188995458601e-05]
[8210, 8.575072522920427e-05]
[3063, 8.577042358680861e-05]
[3660, 8.577340952407818e-05]
[2771, 8.578915610246178e-05]
[3803, 8.579305251705885e-05]
[4033, 8.580231709262278e-05]
[9512, 8.581412184369621e-05]
[2890, 8.583269373138686e-05]
[4912, 8.584193320308492e-05]
[1460, 8.585358635842454e-05]
[5142, 8.586002265745932e-05]
[4395, 8.586389104576972e-05]
[7692, 8.587023930771532e-05]
[3708, 8.587163037248254e-05]
[4309, 8.58741834013878e-05]
[6556, 8.587448470167199e-05]
[843, 8.589068420881513e-05]
[3420, 8.590146469323641e-05]
[1926, 8.593272743613649e-05]
[6120, 8.594633845788118e-05]
[4965, 8.595924863740355e-05]
[5692, 8.596787911179687e-05]
[2842, 8.596974771149128e-05]
[8247, 8.597585147316093e-05]
[1361, 8.598097247379176e-05]
[6015, 8.598434926019663e-05]
[820, 8.598486064933588e-05]
[7526, 8.598588999371348e-05]
[423, 8.599048399736135e-05]
[7677, 8.599977647503587e-05]
[666, 8.600645617268585e-05]
[4260, 8.602071750562953e-05]
[1986, 8.603847268619135e-05]
[6315, 8.604924892790607e-05]
[6449, 8.607112615553304e-05]
[2108, 8.607519699302167e-05]
[5285, 8.607628660108547e-05]
[448, 8.608336200123488e-05]
[5747, 8.609730301938102e-05]
[1135, 8.610848018915517e-05]
[10143, 8.611182330389793e-05]
[6974, 8.611470727941522e-05]
[8490, 8.612542405197566e-05]
[1881, 8.61486893249955e-05]
[6101, 8.615828768286987e-05]
[8160, 8.616076582550349e-05]
[2713, 8.617118106974137e-05]
[294, 8.617567325296172e-05]
[2621, 8.619193653415578e-05]
[5367, 8.619531403295154e-05]
[9378, 8.620391328232539e-05]
[5456, 8.620857710539402e-05]
[6676, 8.62177282109839e-05]
[4148, 8.622165018230083e-05]
[1476, 8.622375663737408e-05]
[6149, 8.623626067856274e-05]
[2437, 8.625088618053664e-05]
[1917, 8.625175327968168e-05]
[8726, 8.625661608846079e-05]
[3936, 8.62704510939644e-05]
[7270, 8.627622813175788e-05]
[7445, 8.632621940401739e-05]
[6390, 8.633029406287355e-05]
[2685, 8.633248350371057e-05]
[888, 8.633332254190544e-05]
[1489, 8.633527068009836e-05]
[6682, 8.633744109253353e-05]
[5491, 8.63383929165473e-05]
[5660, 8.633932145471796e-05]
[2278, 8.634825383616039e-05]
[2381, 8.634869949711622e-05]
[4982, 8.634936563276579e-05]
[3913, 8.635547311701755e-05]
[152, 8.635772452921952e-05]
[9087, 8.63634988558107e-05]
[2256, 8.636602250427806e-05]
[8672, 8.636907562372106e-05]
[811, 8.637136420155065e-05]
[4419, 8.637214390654394e-05]
[3239, 8.637313236900955e-05]
[5543, 8.63809738984777e-05]
[4497, 8.639789323391624e-05]
[3783, 8.639938696636935e-05]
[2202, 8.640359717635781e-05]
[2438, 8.644225705156514e-05]
[525, 8.64577538640206e-05]
[529, 8.64577538640206e-05]
[5381, 8.645903815488789e-05]
[9300, 8.646071390864797e-05]
[9273, 8.646744659109925e-05]
[9403, 8.647832231346575e-05]
[299, 8.648110119451795e-05]
[848, 8.648238601983096e-05]
[7036, 8.64844469401646e-05]
[3797, 8.649099884765206e-05]
[6426, 8.649735977263678e-05]
[5398, 8.650286827229101e-05]
[4343, 8.653137767943428e-05]
[2594, 8.654374772292336e-05]
[6691, 8.65438225117716e-05]
[1608, 8.655441922623983e-05]
[5447, 8.656016161043554e-05]
[6671, 8.656190105706007e-05]
[6420, 8.657528081097219e-05]
[6700, 8.658800769484527e-05]
[3776, 8.660161382508423e-05]
[2675, 8.661665393970273e-05]
[1590, 8.662358147185854e-05]
[4357, 8.663418364320555e-05]
[4629, 8.663622554783821e-05]
[5637, 8.66508927764611e-05]
[38, 8.665935044037973e-05]
[5511, 8.66676499257196e-05]
[4718, 8.667722439083307e-05]
[4529, 8.668263923268909e-05]
[6370, 8.669095895957372e-05]
[5534, 8.671656126613403e-05]
[9786, 8.67191402253492e-05]
[2413, 8.673778239982741e-05]
[990, 8.674949999918449e-05]
[4511, 8.676552887054484e-05]
[4816, 8.676767590385417e-05]
[776, 8.677193472550324e-05]
[778, 8.677193472550324e-05]
[780, 8.677193472550324e-05]
[6083, 8.678319133749088e-05]
[4427, 8.67945625949446e-05]
[689, 8.679742722185094e-05]
[7942, 8.679814886521878e-05]
[5533, 8.681266514278832e-05]
[5259, 8.683700437179341e-05]
[7826, 8.684284271997492e-05]
[2267, 8.687312327319613e-05]
[3688, 8.68811445406542e-05]
[228, 8.688629187710806e-05]
[4425, 8.689822750108152e-05]
[4231, 8.689911462406674e-05]
[7170, 8.690085207207018e-05]
[298, 8.690480740529362e-05]
[6129, 8.691371449840386e-05]
[5690, 8.692013792139021e-05]
[5079, 8.693827822023032e-05]
[6202, 8.694786620159064e-05]
[2280, 8.694857673738503e-05]
[2551, 8.69552790928009e-05]
[6098, 8.697817190616375e-05]
[349, 8.698579362687824e-05]
[3310, 8.698642591106036e-05]
[2756, 8.699603149055061e-05]
[3865, 8.701011412146654e-05]
[3036, 8.701855400636024e-05]
[6866, 8.702244632148758e-05]
[1566, 8.703330230267397e-05]
[6696, 8.703835651883941e-05]
[2348, 8.704494852022142e-05]
[1782, 8.705795309410168e-05]
[800, 8.70631178915606e-05]
[10054, 8.706880750684985e-05]
[5031, 8.708041696775785e-05]
[2689, 8.708137982397655e-05]
[5854, 8.708658926149638e-05]
[2270, 8.708776432682395e-05]
[7421, 8.709068845100746e-05]
[6117, 8.709689835113756e-05]
[6100, 8.709783655040841e-05]
[814, 8.711227818371374e-05]
[3021, 8.712146800109681e-05]
[3258, 8.715640670725826e-05]
[5960, 8.716684589825072e-05]
[9216, 8.717796024377577e-05]
[5349, 8.719171975110832e-05]
[2578, 8.720230918443046e-05]
[3009, 8.723406276402131e-05]
[7219, 8.724672217953335e-05]
[7194, 8.724786034624168e-05]
[1349, 8.724982361780291e-05]
[3295, 8.73172103580851e-05]
[6292, 8.731899910690541e-05]
[5065, 8.732117043834645e-05]
[5432, 8.733041015980565e-05]
[3112, 8.733289416492111e-05]
[10159, 8.733963847115024e-05]
[428, 8.734084658342568e-05]
[1748, 8.735953746074858e-05]
[2917, 8.736866409516294e-05]
[5594, 8.736935288853713e-05]
[68, 8.737626660105955e-05]
[3165, 8.737833034477725e-05]
[1912, 8.740011746440037e-05]
[7101, 8.740202628867943e-05]
[2748, 8.740282477343882e-05]
[10479, 8.740949325477089e-05]
[6171, 8.741864773651665e-05]
[8684, 8.742397969385712e-05]
[8972, 8.742454858011065e-05]
[2940, 8.742578300517971e-05]
[504, 8.743715939913129e-05]
[3605, 8.744067018768508e-05]
[9489, 8.744664519607433e-05]
[5111, 8.746854207914902e-05]
[7130, 8.748389812583073e-05]
[195, 8.748941810423353e-05]
[6966, 8.749289373118324e-05]
[6967, 8.749289373118324e-05]
[1418, 8.750120954492454e-05]
[7256, 8.750139555337808e-05]
[2779, 8.750147151320819e-05]
[5140, 8.751038810341034e-05]
[5569, 8.751381012395704e-05]
[2623, 8.752784225801227e-05]
[5547, 8.754050451808819e-05]
[6807, 8.75457563310166e-05]
[510, 8.755764210901268e-05]
[3250, 8.755948650442327e-05]
[2408, 8.759488466502456e-05]
[5518, 8.759657438076835e-05]
[7221, 8.760017140410387e-05]
[1080, 8.762035050499561e-05]
[3246, 8.762733632021794e-05]
[4967, 8.762957863950018e-05]
[4129, 8.76316090495704e-05]
[1085, 8.764376873237362e-05]
[4227, 8.764604914342977e-05]
[3061, 8.768863681573834e-05]
[6371, 8.770573328001071e-05]
[5904, 8.77060973705582e-05]
[4728, 8.77096144364224e-05]
[8104, 8.77117220398101e-05]
[2374, 8.774651617556732e-05]
[1544, 8.774931832411319e-05]
[6326, 8.775468014003103e-05]
[384, 8.77739416160136e-05]
[3281, 8.777403266925543e-05]
[2126, 8.779374487953092e-05]
[6364, 8.780376487034191e-05]
[2508, 8.782600419903185e-05]
[8135, 8.783326467843224e-05]
[4435, 8.784543816415888e-05]
[3697, 8.784623284946496e-05]
[3717, 8.78551237190133e-05]
[2889, 8.7856342492822e-05]
[3867, 8.786197728366125e-05]
[2542, 8.787280836454348e-05]
[2345, 8.787314748475326e-05]
[492, 8.787651252388473e-05]
[4853, 8.787961740293145e-05]
[3839, 8.788011636619205e-05]
[9346, 8.788335005351004e-05]
[2402, 8.788481938833296e-05]
[61, 8.795436816773277e-05]
[6803, 8.79623892801001e-05]
[1709, 8.79633317823925e-05]
[7624, 8.797735828786448e-05]
[305, 8.802086347215271e-05]
[3180, 8.80276276613183e-05]
[8076, 8.803568796831974e-05]
[8636, 8.803603956670672e-05]
[36, 8.804459800175772e-05]
[2906, 8.804675714679322e-05]
[2342, 8.806115871870685e-05]
[1082, 8.80834984607183e-05]
[1578, 8.80870906180777e-05]
[6747, 8.809636144607827e-05]
[3655, 8.810204593414796e-05]
[6926, 8.811660324572194e-05]
[1452, 8.812015413040458e-05]
[5744, 8.813372927487607e-05]
[2696, 8.813543118279141e-05]
[5561, 8.814000209353184e-05]
[5619, 8.815811534070492e-05]
[474, 8.816233382187192e-05]
[6573, 8.816552920621201e-05]
[5376, 8.816971652026687e-05]
[1029, 8.817765514348378e-05]
[6461, 8.817907729912589e-05]
[2419, 8.819471393498642e-05]
[2159, 8.819651789165173e-05]
[8304, 8.820816617542812e-05]
[1909, 8.821758029409533e-05]
[4038, 8.82281428438163e-05]
[4105, 8.822827086663675e-05]
[8126, 8.822943885160463e-05]
[3357, 8.823806360653464e-05]
[6061, 8.823926635670584e-05]
[9146, 8.825179924019778e-05]
[4672, 8.826609356307546e-05]
[284, 8.82663063895628e-05]
[8110, 8.827987572489939e-05]
[5450, 8.828121967329648e-05]
[3857, 8.828924928750147e-05]
[535, 8.83018179614892e-05]
[810, 8.832094325328933e-05]
[7579, 8.832732615739274e-05]
[5485, 8.834296570482252e-05]
[1698, 8.834486306422162e-05]
[5542, 8.837141894189171e-05]
[1825, 8.83821084948682e-05]
[7038, 8.838824409444245e-05]
[8744, 8.839461652789992e-05]
[8685, 8.84161661999648e-05]
[9669, 8.843579079969361e-05]
[4981, 8.843921272267597e-05]
[2924, 8.844152589575785e-05]
[539, 8.844208221870303e-05]
[6579, 8.845040896492774e-05]
[3054, 8.845104524742034e-05]
[2633, 8.845797342238634e-05]
[1427, 8.846053409265312e-05]
[4868, 8.846265091464451e-05]
[4162, 8.847828918379639e-05]
[5134, 8.847911655368912e-05]
[5194, 8.851129488107231e-05]
[9573, 8.851980658168875e-05]
[2039, 8.852219685576948e-05]
[7936, 8.852995462029043e-05]
[955, 8.853376394076887e-05]
[166, 8.854840162628752e-05]
[1712, 8.855477879231993e-05]
[9282, 8.855519098764641e-05]
[6386, 8.855593853451609e-05]
[8202, 8.856318752210399e-05]
[1738, 8.857373262290987e-05]
[8366, 8.858080659089487e-05]
[9536, 8.860354407128475e-05]
[1376, 8.860599781622608e-05]
[5958, 8.861111157998559e-05]
[6749, 8.862384531168959e-05]
[1106, 8.862970749239172e-05]
[4601, 8.86461067076025e-05]
[4145, 8.866835306696162e-05]
[866, 8.866934699818628e-05]
[5340, 8.867317528064103e-05]
[3504, 8.868588286801347e-05]
[1495, 8.868590889240463e-05]
[4101, 8.869333166319738e-05]
[6285, 8.869398942650931e-05]
[1370, 8.870321283142892e-05]
[1371, 8.870321283142892e-05]
[1775, 8.873081041620856e-05]
[4999, 8.873140102767145e-05]
[2603, 8.874501591455824e-05]
[927, 8.87674957627025e-05]
[5871, 8.877596179610275e-05]
[6458, 8.878561877568729e-05]
[3604, 8.879316792042606e-05]
[9832, 8.879869594320136e-05]
[8738, 8.880653659882287e-05]
[1052, 8.880997675676658e-05]
[7932, 8.882599394947842e-05]
[6175, 8.882924964145737e-05]
[5592, 8.883934907422328e-05]
[4697, 8.884158896327186e-05]
[5911, 8.884547998095951e-05]
[1767, 8.887235645176005e-05]
[4907, 8.889042618822379e-05]
[6465, 8.889092061415554e-05]
[6334, 8.892719556757603e-05]
[4948, 8.893140131870322e-05]
[3640, 8.897254899615975e-05]
[6349, 8.89792120406857e-05]
[6927, 8.898742010659072e-05]
[2170, 8.899824128077766e-05]
[8263, 8.900409662707145e-05]
[5181, 8.900575511459182e-05]
[100, 8.902205423004284e-05]
[5831, 8.90220552589286e-05]
[3103, 8.903122382627114e-05]
[1675, 8.904469359829082e-05]
[4829, 8.904789080809615e-05]
[7876, 8.905699855331468e-05]
[4580, 8.906958385491984e-05]
[6904, 8.907168898678844e-05]
[4495, 8.908215751625735e-05]
[1610, 8.908670406037727e-05]
[1831, 8.909495370418261e-05]
[5504, 8.910633467828507e-05]
