[5436, 5.8253484293315e-05]
[5437, 5.8253484293315e-05]
[5438, 5.8253484293315e-05]
[5444, 5.8253484293315e-05]
[5446, 5.8253484293315e-05]
[7362, 5.864240598126702e-05]
[7364, 5.864240598126702e-05]
[7365, 5.864240598126702e-05]
[7367, 5.864240598126702e-05]
[4801, 5.8738148146858956e-05]
[4805, 5.8738148146858956e-05]
[4808, 5.8738148146858956e-05]
[4809, 5.8738148146858956e-05]
[9768, 5.8790267910367866e-05]
[9769, 5.8790267910367866e-05]
[9772, 5.8790267910367866e-05]
[9775, 5.8790267910367866e-05]
[7614, 5.8971662038335226e-05]
[7616, 5.8971662038335226e-05]
[7617, 5.8971662038335226e-05]
[7288, 5.904745371729863e-05]
[7289, 5.904745371729863e-05]
[7290, 5.904745371729863e-05]
[7291, 5.904745371729863e-05]
[7292, 5.904745371729863e-05]
[7293, 5.904745371729863e-05]
[7294, 5.904745371729863e-05]
[7295, 5.904745371729863e-05]
[7296, 5.904745371729863e-05]
[7297, 5.904745371729863e-05]
[7298, 5.904745371729863e-05]
[7299, 5.904745371729863e-05]
[7300, 5.904745371729863e-05]
[7301, 5.904745371729863e-05]
[7302, 5.904745371729863e-05]
[7303, 5.904745371729863e-05]
[7304, 5.904745371729863e-05]
[7305, 5.904745371729863e-05]
[7306, 5.904745371729863e-05]
[7307, 5.904745371729863e-05]
[7308, 5.904745371729863e-05]
[7310, 5.904745371729863e-05]
[7311, 5.904745371729863e-05]
[7312, 5.904745371729863e-05]
[7313, 5.904745371729863e-05]
[7314, 5.904745371729863e-05]
[8979, 5.9075425973046515e-05]
[8982, 5.9075425973046515e-05]
[9577, 5.9175072400945585e-05]
[9578, 5.9175072400945585e-05]
[9579, 5.9175072400945585e-05]
[9580, 5.9175072400945585e-05]
[9581, 5.9175072400945585e-05]
[10186, 5.93641165918488e-05]
[5716, 5.971430907893032e-05]
[5720, 5.971430907893032e-05]
[6286, 5.9792988537793316e-05]
[6601, 5.9995241624105615e-05]
[6602, 5.9995241624105615e-05]
[6604, 5.9995241624105615e-05]
[6605, 5.9995241624105615e-05]
[6606, 5.9995241624105615e-05]
[6608, 5.9995241624105615e-05]
[6610, 5.9995241624105615e-05]
[6611, 5.9995241624105615e-05]
[6612, 5.9995241624105615e-05]
[8400, 6.020550852815093e-05]
[8402, 6.020550852815093e-05]
[8403, 6.020550852815093e-05]
[8404, 6.020550852815093e-05]
[5984, 6.021066255396067e-05]
[5986, 6.021066255396067e-05]
[5987, 6.021066255396067e-05]
[5988, 6.021066255396067e-05]
[7316, 6.039963445706859e-05]
[7317, 6.039963445706859e-05]
[10339, 6.04478054295579e-05]
[10340, 6.04478054295579e-05]
[10341, 6.04478054295579e-05]
[10342, 6.04478054295579e-05]
[10343, 6.04478054295579e-05]
[10344, 6.04478054295579e-05]
[9979, 6.0779394694148975e-05]
[9980, 6.0779394694148975e-05]
[8867, 6.089985353709656e-05]
[6351, 6.157851800964207e-05]
[5814, 6.169499814573628e-05]
[5816, 6.169499814573628e-05]
[9989, 6.169823562199127e-05]
[9991, 6.169823562199127e-05]
[10513, 6.196910704297998e-05]
[10514, 6.196910704297998e-05]
[5611, 6.202573658809772e-05]
[7203, 6.210023788967591e-05]
[881, 6.212475023469458e-05]
[8335, 6.216375544359842e-05]
[8336, 6.216375544359842e-05]
[8337, 6.216375544359842e-05]
[10006, 6.21890884735598e-05]
[7741, 6.222339822923834e-05]
[10403, 6.2275783580574e-05]
[10404, 6.2275783580574e-05]
[7715, 6.23732763482495e-05]
[8292, 6.240797817738374e-05]
[8614, 6.24178310045444e-05]
[10489, 6.242202183265734e-05]
[10490, 6.242202183265734e-05]
[10491, 6.242202183265734e-05]
[8973, 6.243259740040324e-05]
[9415, 6.243372089282532e-05]
[10562, 6.243372089282532e-05]
[10563, 6.243372089282532e-05]
[10564, 6.243372089282532e-05]
[9442, 6.243456693824436e-05]
[9443, 6.243456693824436e-05]
[9369, 6.243465681763837e-05]
[9416, 6.243465681763837e-05]
[10623, 6.243465681763837e-05]
[10811, 6.243473820240475e-05]
[10787, 6.243473820240587e-05]
[10788, 6.243473820240587e-05]
[10760, 6.243473820241973e-05]
[10761, 6.243473820241973e-05]
[10762, 6.243473820241973e-05]
[10736, 6.243473820259299e-05]
[10737, 6.243473820259299e-05]
[10785, 6.243473820259299e-05]
[10717, 6.243473820475865e-05]
[10718, 6.243473820475865e-05]
[10755, 6.243473820475865e-05]
[10756, 6.243473820475865e-05]
[10703, 6.243473823182962e-05]
[10732, 6.243473823182962e-05]
[10733, 6.243473823182962e-05]
[10734, 6.243473823182962e-05]
[10496, 6.243473844692635e-05]
[10681, 6.243473857021682e-05]
[10715, 6.243473857021682e-05]
[10716, 6.243473857021682e-05]
[10722, 6.243473857021682e-05]
[10415, 6.243474125892622e-05]
[10417, 6.243474125892622e-05]
[10419, 6.243474125892622e-05]
[9199, 6.243474246668208e-05]
[9201, 6.243474246668208e-05]
[10650, 6.243474280005816e-05]
[10682, 6.243474280005816e-05]
[10700, 6.243474280005816e-05]
[10701, 6.243474280005816e-05]
[10359, 6.243477640892481e-05]
[10553, 6.243478765570393e-05]
[10554, 6.243478765570393e-05]
[8667, 6.243479150587144e-05]
[8668, 6.243479150587144e-05]
[8669, 6.243479150587144e-05]
[8671, 6.243479150587144e-05]
[8674, 6.243479150587144e-05]
[10649, 6.243479567307611e-05]
[10675, 6.243479567307611e-05]
[10676, 6.243479567307611e-05]
[10677, 6.243479567307611e-05]
[10678, 6.243479567307611e-05]
[10679, 6.243479567307611e-05]
[9778, 6.243481573989731e-05]
[10388, 6.243481658586798e-05]
[10389, 6.243481658586798e-05]
[10169, 6.243495124398158e-05]
[10171, 6.243495124398158e-05]
[10866, 6.243502258694674e-05]
[10867, 6.243502258694674e-05]
[10868, 6.243502258694674e-05]
[9413, 6.243502402330871e-05]
[9425, 6.243502402330871e-05]
[9426, 6.243502402330871e-05]
[9427, 6.243502402330871e-05]
[9428, 6.243502402330871e-05]
[9827, 6.243504656376816e-05]
[10746, 6.243512632681954e-05]
[10747, 6.243512632681954e-05]
[9846, 6.243514241655348e-05]
[10026, 6.243514241655348e-05]
[10027, 6.243514241655348e-05]
[10029, 6.243514241655348e-05]
[10777, 6.243515499966178e-05]
[10778, 6.243515499966178e-05]
[10550, 6.243521390794569e-05]
[10552, 6.243521390794569e-05]
[10268, 6.243521578391139e-05]
[10269, 6.243521578391139e-05]
[10270, 6.243521578391139e-05]
[10842, 6.243525828292782e-05]
[10843, 6.243525828292782e-05]
[10481, 6.243535636865116e-05]
[7864, 6.243540449573669e-05]
[7865, 6.243540449573669e-05]
[7866, 6.243540449573669e-05]
[7867, 6.243540449573669e-05]
[10630, 6.243545658579884e-05]
[10631, 6.243545658579884e-05]
[10632, 6.243545658579884e-05]
[10634, 6.243545658579884e-05]
[10635, 6.243545658579884e-05]
[9857, 6.24354669213455e-05]
[10539, 6.24354669213455e-05]
[10540, 6.24354669213455e-05]
[10541, 6.24354669213455e-05]
[10542, 6.24354669213455e-05]
[10543, 6.24354669213455e-05]
[10544, 6.24354669213455e-05]
[10546, 6.24354669213455e-05]
[10585, 6.243557962661925e-05]
[10586, 6.243557962661925e-05]
[9475, 6.243570742106093e-05]
[10316, 6.243571799570293e-05]
[10317, 6.243571799570293e-05]
[10318, 6.243571799570293e-05]
[10319, 6.243571799570293e-05]
[9804, 6.243578218079514e-05]
[9805, 6.243578218079514e-05]
[10711, 6.24358343796545e-05]
[10712, 6.24358343796545e-05]
[10673, 6.243737590205777e-05]
[10625, 6.243739073030919e-05]
[10627, 6.243739073030919e-05]
[10024, 6.243740122211524e-05]
[10025, 6.243740122211524e-05]
[10557, 6.243781466240901e-05]
[9260, 6.24378244366406e-05]
[9261, 6.24378244366406e-05]
[9262, 6.24378244366406e-05]
[7799, 6.24378470455108e-05]
[10247, 6.243808062626288e-05]
[9866, 6.243823981277508e-05]
[10819, 6.243829300918075e-05]
[10820, 6.243829300918075e-05]
[10855, 6.243829300918075e-05]
[10856, 6.243829300918075e-05]
[8941, 6.243831096371082e-05]
[8944, 6.243831096371082e-05]
[8949, 6.243831096371082e-05]
[8952, 6.243831096371082e-05]
[8953, 6.243831096371082e-05]
[9703, 6.243831497346467e-05]
[9706, 6.243831497346467e-05]
[9917, 6.243834607202126e-05]
[10347, 6.243834938214786e-05]
[10589, 6.243848037317227e-05]
[10591, 6.243848037317227e-05]
[9564, 6.243859271944252e-05]
[10651, 6.243873865329002e-05]
[10652, 6.243873865329002e-05]
[10109, 6.243880255285902e-05]
[10110, 6.243880255285902e-05]
[9680, 6.243932796486817e-05]
[10723, 6.24395897575988e-05]
[10724, 6.24395897575988e-05]
[10725, 6.24395897575988e-05]
[9837, 6.243979087928779e-05]
[9839, 6.243979087928779e-05]
[9840, 6.243979087928779e-05]
[9841, 6.243979087928779e-05]
[10741, 6.243994816811763e-05]
[10742, 6.243994816811763e-05]
[10748, 6.243994816811763e-05]
[10749, 6.243994816811763e-05]
[10750, 6.243994816811763e-05]
[10266, 6.24403349503284e-05]
[10267, 6.24403349503284e-05]
[10480, 6.244068452167612e-05]
[10136, 6.244070797125846e-05]
[10137, 6.244070797125846e-05]
[10138, 6.244070797125846e-05]
[10835, 6.244123920894586e-05]
[10836, 6.244123920894586e-05]
[10837, 6.244123920894586e-05]
[9795, 6.244127733102461e-05]
[7149, 6.244138200538832e-05]
[7150, 6.244138200538832e-05]
[7153, 6.244138200538832e-05]
[10140, 6.244139139945197e-05]
[8479, 6.244217793960113e-05]
[8481, 6.244217793960113e-05]
[10396, 6.244246528050315e-05]
[9044, 6.244247819517674e-05]
[9047, 6.244247819517674e-05]
[9048, 6.244247819517674e-05]
[6486, 6.244306686899373e-05]
[6489, 6.244306686899373e-05]
[10157, 6.244320117275471e-05]
[10158, 6.244320117275471e-05]
[9388, 6.244333540604544e-05]
[9389, 6.244333540604544e-05]
[10577, 6.244371799485716e-05]
[10579, 6.244371799485716e-05]
[10580, 6.244371799485716e-05]
[10468, 6.244384718917633e-05]
[10469, 6.244384718917633e-05]
[10470, 6.244384718917633e-05]
[10471, 6.244384718917633e-05]
[10472, 6.244384718917633e-05]
[10473, 6.244384718917633e-05]
[10474, 6.244384718917633e-05]
[10475, 6.244384718917633e-05]
[10871, 6.24449688413182e-05]
[10872, 6.24449688413182e-05]
[9497, 6.24450003380989e-05]
[9498, 6.24450003380989e-05]
[10515, 6.244525600509501e-05]
[10516, 6.244525600509501e-05]
[10517, 6.244525600509501e-05]
[8959, 6.244542934649364e-05]
[1120, 6.244548842208907e-05]
[1124, 6.244548842208907e-05]
[1131, 6.244548842208907e-05]
[1139, 6.244548842208907e-05]
[9896, 6.244561706498089e-05]
[9897, 6.244561706498089e-05]
[10411, 6.244600141294775e-05]
[10412, 6.244600141294775e-05]
[9025, 6.244685343559419e-05]
[9026, 6.244685343559419e-05]
[10119, 6.244686689872448e-05]
[10200, 6.244698561867602e-05]
[10201, 6.244698561867602e-05]
[10206, 6.244698561867602e-05]
[10208, 6.244698561867602e-05]
[10209, 6.244698561867602e-05]
[9540, 6.244778793230434e-05]
[9541, 6.244778793230434e-05]
[9542, 6.244778793230434e-05]
[10686, 6.244844041802708e-05]
[10687, 6.244844041802708e-05]
[10688, 6.244844041802708e-05]
[10689, 6.244844041802708e-05]
[10690, 6.244844041802708e-05]
[8016, 6.244897549764972e-05]
[1653, 6.245037268456669e-05]
[7539, 6.245100563905964e-05]
[7540, 6.245100563905964e-05]
[8712, 6.245112383012975e-05]
[2243, 6.245240508685735e-05]
[8477, 6.245319944628599e-05]
[8478, 6.245319944628599e-05]
[7073, 6.245329462543923e-05]
[7074, 6.245329462543923e-05]
[7077, 6.245329462543923e-05]
[9465, 6.245533098777416e-05]
[8130, 6.245542005817884e-05]
[10258, 6.245570350995617e-05]
[9182, 6.245883144207215e-05]
[9183, 6.245883144207215e-05]
[9184, 6.245883144207215e-05]
[9185, 6.245883144207215e-05]
[7425, 6.245887518545304e-05]
[7427, 6.245887518545304e-05]
[10232, 6.245982899940053e-05]
[10166, 6.245998911215048e-05]
[10167, 6.245998911215048e-05]
[7982, 6.246400789908681e-05]
[10002, 6.246670441046711e-05]
[10003, 6.246670441046711e-05]
[10628, 6.246770944806953e-05]
[9347, 6.246770985283572e-05]
[10565, 6.246789480122073e-05]
[10568, 6.246789480122073e-05]
[10569, 6.246789480122073e-05]
[8800, 6.246797933434037e-05]
[8801, 6.246797933434037e-05]
[8802, 6.246797933434037e-05]
[9834, 6.246802594880029e-05]
[5737, 6.246822652461168e-05]
[9998, 6.24698214383803e-05]
[9850, 6.246984985885752e-05]
[9852, 6.246984985885752e-05]
[10306, 6.247009357543718e-05]
[10307, 6.247009357543718e-05]
[10782, 6.2470290645094e-05]
[10783, 6.2470290645094e-05]
[10784, 6.2470290645094e-05]
[9365, 6.247065030179024e-05]
[9958, 6.247112746737675e-05]
[10482, 6.247319395246083e-05]
[10483, 6.247319395246083e-05]
[10484, 6.247319395246083e-05]
[10485, 6.247319395246083e-05]
[10486, 6.247319395246083e-05]
[8718, 6.247331613037544e-05]
[8719, 6.247331613037544e-05]
[9127, 6.247344677932905e-05]
[10367, 6.247355599943604e-05]
[6359, 6.247359874121406e-05]
[6360, 6.247359874121406e-05]
[6361, 6.247359874121406e-05]
[9190, 6.247491045478361e-05]
[8891, 6.247527517097757e-05]
[8893, 6.247527517097757e-05]
[8328, 6.247530084835387e-05]
[8329, 6.247530084835387e-05]
[9372, 6.247588275118748e-05]
[10097, 6.24765185006356e-05]
[10098, 6.24765185006356e-05]
[10099, 6.24765185006356e-05]
[10100, 6.24765185006356e-05]
[10101, 6.24765185006356e-05]
[10102, 6.24765185006356e-05]
[10103, 6.24765185006356e-05]
[4210, 6.247686351530486e-05]
[4211, 6.247686351530486e-05]
[4214, 6.247686351530486e-05]
[10459, 6.247688938761816e-05]
[9608, 6.247850833202264e-05]
[10802, 6.247913899845562e-05]
[10774, 6.247917073840742e-05]
[10535, 6.2479173287105e-05]
[10792, 6.2479173287105e-05]
[10793, 6.2479173287105e-05]
[10794, 6.2479173287105e-05]
[10795, 6.2479173287105e-05]
[10796, 6.2479173287105e-05]
[10797, 6.2479173287105e-05]
[10798, 6.2479173287105e-05]
[8256, 6.247939771875221e-05]
[8257, 6.247939771875221e-05]
[8258, 6.247939771875221e-05]
[10614, 6.247940970157209e-05]
[10615, 6.247940970157209e-05]
[10616, 6.247940970157209e-05]
[9379, 6.247944784068131e-05]
[9380, 6.247944784068131e-05]
[9674, 6.247983657260779e-05]
[10235, 6.247987794919775e-05]
[10236, 6.247987794919775e-05]
[10237, 6.247987794919775e-05]
[10238, 6.247987794919775e-05]
[10239, 6.247987794919775e-05]
[10241, 6.247987794919775e-05]
[4464, 6.248012796345123e-05]
[10095, 6.248036852323101e-05]
[10520, 6.248151533699726e-05]
[10521, 6.248151533699726e-05]
[9240, 6.24825150489462e-05]
[9241, 6.24825150489462e-05]
[9242, 6.24825150489462e-05]
[9243, 6.24825150489462e-05]
[9244, 6.24825150489462e-05]
[10433, 6.248270360607671e-05]
[9129, 6.248291966543657e-05]
[8380, 6.24832249361196e-05]
[8382, 6.24832249361196e-05]
[9785, 6.248358160010886e-05]
[8969, 6.248362118623409e-05]
[8970, 6.248362118623409e-05]
[8971, 6.248362118623409e-05]
[10384, 6.248397095685343e-05]
[10086, 6.248458479875298e-05]
[10087, 6.248458479875298e-05]
[10088, 6.248458479875298e-05]
[10089, 6.248458479875298e-05]
[10598, 6.248474383848936e-05]
[9919, 6.248554258310229e-05]
[9920, 6.248554258310229e-05]
[9921, 6.248554258310229e-05]
[9922, 6.248554258310229e-05]
[10222, 6.248554258310229e-05]
[8626, 6.248602926175637e-05]
[8627, 6.248602926175637e-05]
[8302, 6.248616755918865e-05]
[10581, 6.248776547826163e-05]
[10582, 6.248776547826163e-05]
[8829, 6.248974158585326e-05]
[7332, 6.249025869421495e-05]
[8817, 6.249077046938424e-05]
[8822, 6.249117741276159e-05]
[9574, 6.249149712795421e-05]
[9575, 6.249149712795421e-05]
[9576, 6.249149712795421e-05]
[9335, 6.249211023320228e-05]
[9336, 6.249211023320228e-05]
[8734, 6.249332979430951e-05]
[6109, 6.249385440268405e-05]
[6110, 6.249385440268405e-05]
[9611, 6.24950095141454e-05]
[7881, 6.249501336432052e-05]
[6975, 6.249538264225905e-05]
[10709, 6.249538264225905e-05]
[10710, 6.249538264225905e-05]
[8440, 6.249540717749546e-05]
[8785, 6.249543278046507e-05]
[9903, 6.249603450572257e-05]
[9904, 6.249603450572257e-05]
[8352, 6.24961388837137e-05]
[10789, 6.2496152900516e-05]
[10791, 6.2496152900516e-05]
[3244, 6.249669308899271e-05]
[3259, 6.249669308899271e-05]
[9589, 6.24978966631967e-05]
[9590, 6.24978966631967e-05]
[10714, 6.249875495502156e-05]
[10645, 6.24993599089904e-05]
[10646, 6.24993599089904e-05]
[10720, 6.249986277382752e-05]
[10721, 6.249986277382752e-05]
[10729, 6.249986277382752e-05]
[10730, 6.249986277382752e-05]
[8101, 6.250092741894438e-05]
[9591, 6.250238432425105e-05]
[10335, 6.25025328288174e-05]
[10336, 6.25025328288174e-05]
[7057, 6.250280443906238e-05]
[7059, 6.250280443906238e-05]
[8923, 6.250346850366492e-05]
[9245, 6.250462155404271e-05]
[9246, 6.250462155404271e-05]
[10134, 6.250469755147387e-05]
[10135, 6.250469755147387e-05]
[4314, 6.250550404284342e-05]
[6490, 6.250598628705815e-05]
[6492, 6.250598628705815e-05]
[8494, 6.250604379635187e-05]
[8496, 6.250604379635187e-05]
[9394, 6.250622839535927e-05]
[10178, 6.25072040994591e-05]
[10180, 6.25072040994591e-05]
[7368, 6.250745920860493e-05]
[9407, 6.250751277674137e-05]
[9221, 6.250780959921451e-05]
[10064, 6.25081220002239e-05]
[10065, 6.25081220002239e-05]
[10392, 6.250906719330773e-05]
[7191, 6.250921223527973e-05]
[9959, 6.250936031313502e-05]
[9272, 6.251056857524501e-05]
[8132, 6.251325886421705e-05]
[5734, 6.251406883161535e-05]
[10702, 6.251497275470969e-05]
[10150, 6.251526320026897e-05]
[10151, 6.251526320026897e-05]
[10152, 6.251526320026897e-05]
[6155, 6.251534024185457e-05]
[6156, 6.251534024185457e-05]
[6157, 6.251534024185457e-05]
[6158, 6.251534024185457e-05]
[6159, 6.251534024185457e-05]
[10786, 6.251593617618782e-05]
[10825, 6.251600078417243e-05]
[10826, 6.251600078417243e-05]
[10827, 6.251600078417243e-05]
[10828, 6.251600078417243e-05]
[10829, 6.251600078417243e-05]
[10830, 6.251600078417243e-05]
[10831, 6.251600078417243e-05]
[9520, 6.25164773101538e-05]
[9522, 6.25164773101538e-05]
[5314, 6.25177857397182e-05]
[9966, 6.251790316549934e-05]
[8418, 6.2518869307621e-05]
[8419, 6.2518869307621e-05]
[8421, 6.2518869307621e-05]
[8321, 6.252148306050005e-05]
[8322, 6.252148306050005e-05]
[5929, 6.252276070933712e-05]
[5555, 6.252313781552395e-05]
[9870, 6.252406636977396e-05]
[7645, 6.25248942316295e-05]
[8295, 6.25256327335297e-05]
[7377, 6.252662239893203e-05]
[7378, 6.252662239893203e-05]
[7582, 6.252677839192411e-05]
[7583, 6.252677839192411e-05]
[7558, 6.252773491737928e-05]
[7561, 6.252773491737928e-05]
[7562, 6.252773491737928e-05]
[9798, 6.252979140968565e-05]
[8792, 6.253021343017597e-05]
[9782, 6.253066916877824e-05]
[10326, 6.253132667865585e-05]
[8445, 6.253148811199108e-05]
[8446, 6.253148811199108e-05]
[8447, 6.253148811199108e-05]
[8448, 6.253148811199108e-05]
[8449, 6.253148811199108e-05]
[8450, 6.253148811199108e-05]
[8451, 6.253148811199108e-05]
[6955, 6.253292247057987e-05]
[6956, 6.253292247057987e-05]
[8508, 6.253315279645185e-05]
[8509, 6.253315279645185e-05]
[8510, 6.253315279645185e-05]
[8836, 6.2533222691754e-05]
[8837, 6.2533222691754e-05]
[8841, 6.2533222691754e-05]
[10175, 6.253444335614053e-05]
[10176, 6.253444335614053e-05]
[10832, 6.253498926420684e-05]
[10833, 6.253498926420684e-05]
[10042, 6.253511698350147e-05]
[10043, 6.253511698350147e-05]
[10044, 6.253511698350147e-05]
[9502, 6.25360441234352e-05]
[7466, 6.253706209455835e-05]
[10684, 6.253772904391897e-05]
[10685, 6.253772904391897e-05]
[4372, 6.253884653460823e-05]
[4373, 6.253884653460823e-05]
[9898, 6.253904127482483e-05]
[9899, 6.253904127482483e-05]
[7226, 6.253940666863283e-05]
[10000, 6.254052533180115e-05]
[10001, 6.254052533180115e-05]
[7443, 6.254129048872136e-05]
[8889, 6.254220324799353e-05]
[8896, 6.254220324799353e-05]
[9763, 6.25432966785644e-05]
[9764, 6.25432966785644e-05]
[9765, 6.25432966785644e-05]
[10123, 6.254491028538677e-05]
[10125, 6.254491028538677e-05]
[9988, 6.254552531724201e-05]
[10506, 6.25469856080773e-05]
[10508, 6.25469856080773e-05]
[10509, 6.25469856080773e-05]
[8377, 6.254699416678003e-05]
[8378, 6.254699416678003e-05]
[6481, 6.254857935786017e-05]
[10385, 6.254860053709335e-05]
[10387, 6.254860053709335e-05]
[3596, 6.254917692418244e-05]
[3600, 6.254917692418244e-05]
[8285, 6.255074362386445e-05]
[8286, 6.255074362386445e-05]
[8288, 6.255074362386445e-05]
[7906, 6.25534016457295e-05]
[10046, 6.255743446838127e-05]
[10048, 6.255743446838127e-05]
[10049, 6.255743446838127e-05]
[8646, 6.255861942646241e-05]
[7546, 6.256246916043099e-05]
[10859, 6.25626211888237e-05]
[10860, 6.25626211888237e-05]
[10861, 6.25626211888237e-05]
[10862, 6.25626211888237e-05]
[10863, 6.25626211888237e-05]
[10864, 6.25626211888237e-05]
[9053, 6.256301489864901e-05]
[10434, 6.25662107360474e-05]
[8268, 6.256837750349567e-05]
[8935, 6.256867098151367e-05]
[9278, 6.256938942545644e-05]
[9102, 6.25699410488027e-05]
[7824, 6.256997041159692e-05]
[7825, 6.256997041159692e-05]
[7827, 6.256997041159692e-05]
[9651, 6.257072398456168e-05]
[9652, 6.257072398456168e-05]
[9616, 6.257140672814992e-05]
[9617, 6.257140672814992e-05]
[9511, 6.257262736092183e-05]
[8294, 6.257301207783337e-05]
[7474, 6.257301663126147e-05]
[6023, 6.257503994863526e-05]
[10410, 6.257552833418625e-05]
[10538, 6.257552833418625e-05]
[10547, 6.257552833418625e-05]
[10549, 6.257552833418625e-05]
[10587, 6.257650220282158e-05]
[9121, 6.257758268185229e-05]
[9122, 6.257758268185229e-05]
[9123, 6.257758268185229e-05]
[9125, 6.257758268185229e-05]
[8224, 6.257890703042509e-05]
[7013, 6.258029021666647e-05]
[8391, 6.258617861725507e-05]
[8392, 6.258617861725507e-05]
[9928, 6.258634690640014e-05]
[9934, 6.258634690640014e-05]
[9936, 6.258634690640014e-05]
[9937, 6.258634690640014e-05]
[9938, 6.258634690640014e-05]
[10068, 6.258783090592305e-05]
[10069, 6.258783090592305e-05]
[8752, 6.258903634199188e-05]
[5654, 6.25935547490827e-05]
[5655, 6.25935547490827e-05]
[5656, 6.25935547490827e-05]
[10611, 6.25945766347444e-05]
[9741, 6.25946729888265e-05]
[9742, 6.25946729888265e-05]
[9602, 6.259614297331512e-05]
[9603, 6.259614297331512e-05]
[9103, 6.25978598262046e-05]
[9104, 6.25978598262046e-05]
[9105, 6.25978598262046e-05]
[10256, 6.259902617602608e-05]
[10393, 6.259902617602608e-05]
[8388, 6.259921174531051e-05]
[8389, 6.259921174531051e-05]
[3720, 6.259939481430416e-05]
[3721, 6.259939481430416e-05]
[4891, 6.260263969868455e-05]
[4892, 6.260263969868455e-05]
[4893, 6.260263969868455e-05]
[4894, 6.260263969868455e-05]
[4895, 6.260263969868455e-05]
[4896, 6.260263969868455e-05]
[4897, 6.260263969868455e-05]
[4898, 6.260263969868455e-05]
[4899, 6.260263969868455e-05]
[8610, 6.260279741022155e-05]
[7580, 6.26059484210376e-05]
[10661, 6.260601589768103e-05]
[10662, 6.260601589768103e-05]
[8541, 6.260613864624684e-05]
[8542, 6.260613864624684e-05]
[8544, 6.260613864624684e-05]
[8602, 6.26087287749451e-05]
[8987, 6.261066972227014e-05]
[6800, 6.261270439302213e-05]
[6801, 6.261270439302213e-05]
[4533, 6.261542408379122e-05]
[4535, 6.261542408379122e-05]
[3238, 6.26179919149567e-05]
[3241, 6.26179919149567e-05]
[7850, 6.261815936047602e-05]
[10451, 6.261877388304539e-05]
[10423, 6.262067746703021e-05]
[10424, 6.262067746703021e-05]
[10426, 6.262067746703021e-05]
[10427, 6.262067746703021e-05]
[6863, 6.262081305406482e-05]
[9008, 6.26234416077498e-05]
[9009, 6.26234416077498e-05]
[514, 6.263016922912154e-05]
[519, 6.263016922912154e-05]
[8174, 6.2630892590201e-05]
[8175, 6.2630892590201e-05]
[5788, 6.263139196250361e-05]
[5596, 6.263254966412852e-05]
[5597, 6.263254966412852e-05]
[6012, 6.263463022448146e-05]
[6013, 6.263463022448146e-05]
[7920, 6.263463360020301e-05]
[6582, 6.263510768365142e-05]
[6585, 6.263510768365142e-05]
[9513, 6.26354362136044e-05]
[8252, 6.263626757767287e-05]
[8254, 6.263626757767287e-05]
[5954, 6.263808116054608e-05]
[5955, 6.263808116054608e-05]
[5957, 6.263808116054608e-05]
[5959, 6.263808116054608e-05]
[5730, 6.263929905337242e-05]
[5731, 6.263929905337242e-05]
[7909, 6.263955854903232e-05]
[7911, 6.263955854903232e-05]
[8814, 6.263957506182662e-05]
[7145, 6.264061849538706e-05]
[7912, 6.264310056915677e-05]
[7914, 6.264310056915677e-05]
[6559, 6.265066792982957e-05]
[6561, 6.265066792982957e-05]
[2596, 6.26515618162471e-05]
[2598, 6.26515618162471e-05]
[4514, 6.265204493381766e-05]
[10129, 6.265359593272038e-05]
[10130, 6.265359593272038e-05]
[747, 6.265557425801294e-05]
[748, 6.265557425801294e-05]
[751, 6.265557425801294e-05]
[8436, 6.266480142212644e-05]
[7556, 6.266550375092057e-05]
[7557, 6.266550375092057e-05]
[5204, 6.266669349043371e-05]
[7704, 6.266722198560777e-05]
[7969, 6.266780135640441e-05]
[6934, 6.2669525110745e-05]
[8769, 6.268340657190639e-05]
[8770, 6.268340657190639e-05]
[8771, 6.268340657190639e-05]
[9012, 6.26921480195431e-05]
[5895, 6.26927168183333e-05]
[5896, 6.26927168183333e-05]
[6982, 6.269326139966254e-05]
[7093, 6.26941651170438e-05]
[7094, 6.26941651170438e-05]
[10116, 6.269680454676799e-05]
[10117, 6.269680454676799e-05]
[6003, 6.270002514181949e-05]
[6004, 6.270002514181949e-05]
[9234, 6.270251248302554e-05]
[7962, 6.270738768698192e-05]
[8069, 6.271689147101763e-05]
[8071, 6.271689147101763e-05]
[8072, 6.271689147101763e-05]
[8073, 6.271689147101763e-05]
[2158, 6.271716862530957e-05]
[9586, 6.272090012229527e-05]
[10400, 6.272295141541596e-05]
[10401, 6.272295141541596e-05]
[8260, 6.272399925569035e-05]
[8838, 6.272547330159081e-05]
[9622, 6.27255955950544e-05]
[9623, 6.27255955950544e-05]
[9624, 6.27255955950544e-05]
[9625, 6.27255955950544e-05]
[9626, 6.27255955950544e-05]
[5858, 6.272583804335173e-05]
[5859, 6.272583804335173e-05]
[5862, 6.272583804335173e-05]
[8197, 6.272754849578988e-05]
[8199, 6.272754849578988e-05]
[8052, 6.272759861042723e-05]
[2702, 6.27320310518288e-05]
[2703, 6.27320310518288e-05]
[8653, 6.273590369844981e-05]
[8654, 6.273590369844981e-05]
[5782, 6.273645049058153e-05]
[5783, 6.273645049058153e-05]
[7732, 6.274491641263639e-05]
[9829, 6.274620822493428e-05]
[9830, 6.274620822493428e-05]
[5934, 6.274700864122389e-05]
[7649, 6.274770369768424e-05]
[10074, 6.274837316508205e-05]
[10075, 6.274837316508205e-05]
[10076, 6.274837316508205e-05]
[10077, 6.274837316508205e-05]
[10078, 6.274837316508205e-05]
[6067, 6.274928113388054e-05]
[6068, 6.274928113388054e-05]
[6069, 6.274928113388054e-05]
[10021, 6.275037457436891e-05]
[7281, 6.27507540060733e-05]
[9141, 6.275216311555791e-05]
[8618, 6.275781219112987e-05]
[5024, 6.275813805374488e-05]
[5027, 6.275813805374488e-05]
[8119, 6.276874626082453e-05]
[8121, 6.276874626082453e-05]
[6854, 6.277186721624059e-05]
[10330, 6.277414176372243e-05]
[10331, 6.277414176372243e-05]
[10332, 6.277414176372243e-05]
[10333, 6.277414176372243e-05]
[6518, 6.27756315917654e-05]
[6520, 6.27756315917654e-05]
[6522, 6.27756315917654e-05]
[10620, 6.277755670749134e-05]
[10621, 6.277755670749134e-05]
[1749, 6.278199827086642e-05]
[1753, 6.278199827086642e-05]
[1756, 6.278199827086642e-05]
[4978, 6.278582427437476e-05]
[336, 6.278623073909556e-05]
[341, 6.278623073909556e-05]
[9430, 6.278779522244351e-05]
[8452, 6.279649579007376e-05]
[8453, 6.279649579007376e-05]
[32, 6.279908378240562e-05]
[60, 6.280016643783274e-05]
[62, 6.280016643783274e-05]
[64, 6.280016643783274e-05]
[6739, 6.2800609411054e-05]
[6740, 6.2800609411054e-05]
[6741, 6.2800609411054e-05]
[4622, 6.28009869874476e-05]
[7895, 6.280588323004708e-05]
[7896, 6.280588323004708e-05]
[2549, 6.28144778804035e-05]
[9800, 6.283431580324385e-05]
[10758, 6.283432052691813e-05]
[10759, 6.283432052691813e-05]
[10361, 6.283440568782477e-05]
[10362, 6.283440568782477e-05]
[10643, 6.283490428510635e-05]
[10259, 6.283529415112372e-05]
[10869, 6.283536068794929e-05]
[10870, 6.283536068794929e-05]
[9585, 6.283674022208235e-05]
[10495, 6.283695847107777e-05]
[9613, 6.28392858551076e-05]
[9317, 6.283978392948411e-05]
[10447, 6.283997565976222e-05]
[10637, 6.284153991683835e-05]
[8691, 6.284473404447672e-05]
[9593, 6.284544495234992e-05]
[9595, 6.284544495234992e-05]
[9596, 6.284544495234992e-05]
[9081, 6.284617683267472e-05]
[9082, 6.284617683267472e-05]
[10570, 6.284687877323204e-05]
[10571, 6.284687877323204e-05]
[10572, 6.284687877323204e-05]
[10573, 6.284687877323204e-05]
[10574, 6.284687877323204e-05]
[10575, 6.284687877323204e-05]
[10576, 6.284687877323204e-05]
[8863, 6.284688383278387e-05]
[8864, 6.284688383278387e-05]
[8865, 6.284688383278387e-05]
[10498, 6.284919568763418e-05]
[10499, 6.284919568763418e-05]
[10500, 6.284919568763418e-05]
[8030, 6.285025235150641e-05]
[9571, 6.285083503235862e-05]
[9572, 6.285083503235862e-05]
[3445, 6.28533422303372e-05]
[9747, 6.285359502992701e-05]
[9748, 6.285359502992701e-05]
[9172, 6.285626702656457e-05]
[9173, 6.285626702656457e-05]
[9174, 6.285626702656457e-05]
[9001, 6.285843062982917e-05]
[7371, 6.286121944492341e-05]
[9005, 6.286518479761314e-05]
[9605, 6.28663653439431e-05]
[9606, 6.28663653439431e-05]
[10691, 6.286714981403312e-05]
[5245, 6.286810474081159e-05]
[5246, 6.286810474081159e-05]
[6704, 6.287026423268239e-05]
[6706, 6.287026423268239e-05]
[6709, 6.287026423268239e-05]
[10527, 6.287186086370475e-05]
[10528, 6.287186086370475e-05]
[8783, 6.287262304265797e-05]
[9796, 6.287327865211536e-05]
[9797, 6.287327865211536e-05]
[9597, 6.287363390807137e-05]
[9598, 6.287363390807137e-05]
[9599, 6.287363390807137e-05]
[5697, 6.287599509093093e-05]
[10297, 6.287654545741983e-05]
[10298, 6.287654545741983e-05]
[10299, 6.287654545741983e-05]
[10189, 6.287668036533204e-05]
[10190, 6.287668036533204e-05]
[10191, 6.287668036533204e-05]
[8355, 6.287866732030469e-05]
[10751, 6.287914373601817e-05]
[10752, 6.287914373601817e-05]
[10753, 6.287914373601817e-05]
[10028, 6.287917164605415e-05]
[5106, 6.288122414737889e-05]
[9751, 6.288200567227097e-05]
[10292, 6.2883639444721e-05]
[6788, 6.288610505871796e-05]
[9976, 6.288792458064017e-05]
[9977, 6.288792458064017e-05]
[9978, 6.288792458064017e-05]
[8356, 6.288897043060539e-05]
[9724, 6.288960401453064e-05]
[9725, 6.288960401453064e-05]
[9726, 6.288960401453064e-05]
[4079, 6.28906263775336e-05]
[8912, 6.289090194917099e-05]
[8913, 6.289090194917099e-05]
[9186, 6.289107223109287e-05]
[10476, 6.289199445034807e-05]
[8929, 6.289403367624626e-05]
[7120, 6.289629608986335e-05]
[5828, 6.289663394028361e-05]
[5829, 6.289663394028361e-05]
[8607, 6.290091508194477e-05]
[8918, 6.290142823307678e-05]
[8919, 6.290142823307678e-05]
[9924, 6.290156580106458e-05]
[1803, 6.290245583403958e-05]
[7730, 6.290559365376828e-05]
[9583, 6.290630384840341e-05]
[10037, 6.290695169279226e-05]
[8208, 6.290820681743022e-05]
[8209, 6.290820681743022e-05]
[8211, 6.290820681743022e-05]
[8497, 6.290883990104004e-05]
[8498, 6.290883990104004e-05]
[8500, 6.290883990104004e-05]
[4528, 6.291172804890233e-05]
[9737, 6.291348970472192e-05]
[9739, 6.291348970472192e-05]
[9901, 6.291529551192116e-05]
[9902, 6.291529551192116e-05]
[10397, 6.291543507816249e-05]
[9715, 6.291591148663856e-05]
[10264, 6.29164459829963e-05]
[7922, 6.291696230216712e-05]
[7923, 6.291696230216712e-05]
[9560, 6.29170532860834e-05]
[8567, 6.291859541395097e-05]
[9392, 6.291886044975724e-05]
[9393, 6.291886044975724e-05]
[10276, 6.291996066529185e-05]
[4156, 6.292049493756671e-05]
[4157, 6.292049493756671e-05]
[9535, 6.292146770847124e-05]
[9537, 6.292146770847124e-05]
[9538, 6.292146770847124e-05]
[9320, 6.292237900518598e-05]
[10204, 6.292314482812884e-05]
[10205, 6.292314482812884e-05]
[8638, 6.292349390273302e-05]
[8639, 6.292349390273302e-05]
[8866, 6.29280940427295e-05]
[6266, 6.292817216447452e-05]
[6268, 6.292817216447452e-05]
[6270, 6.292817216447452e-05]
[9984, 6.293032249110218e-05]
[8041, 6.293358037620223e-05]
[8044, 6.293358037620223e-05]
[8967, 6.293535385723775e-05]
[9119, 6.293608305457873e-05]
[8878, 6.293655798082476e-05]
[8879, 6.293655798082476e-05]
[8880, 6.293655798082476e-05]
[8882, 6.293655798082476e-05]
[8657, 6.29368913571676e-05]
[8658, 6.29368913571676e-05]
[9515, 6.293752492260771e-05]
[8290, 6.293845494750492e-05]
[9688, 6.293938351591578e-05]
[9689, 6.293938351591578e-05]
[9690, 6.293938351591578e-05]
[8578, 6.293952517769334e-05]
[10657, 6.294088508835065e-05]
[8168, 6.2941450309411e-05]
[7260, 6.294177127704728e-05]
[7261, 6.294177127704728e-05]
[7263, 6.294177127704728e-05]
[7264, 6.294177127704728e-05]
[10181, 6.294413263184989e-05]
[8874, 6.294904506221531e-05]
[4554, 6.294908806439034e-05]
[555, 6.295252848917732e-05]
[9043, 6.295481313805623e-05]
[7686, 6.295545430480613e-05]
[9910, 6.295699193029125e-05]
[9912, 6.295699193029125e-05]
[9913, 6.295699193029125e-05]
[9914, 6.295699193029125e-05]
[9915, 6.295699193029125e-05]
[9677, 6.295793004220463e-05]
[6923, 6.295846814015734e-05]
[7415, 6.29587155534961e-05]
[8003, 6.29599384653978e-05]
[9657, 6.296070875205534e-05]
[1948, 6.296130461393784e-05]
[10381, 6.296162801763377e-05]
[9729, 6.296295991352594e-05]
[9730, 6.296295991352594e-05]
[7831, 6.296791510883027e-05]
[9236, 6.29696673268607e-05]
[9239, 6.297041053657902e-05]
[7352, 6.297270178441901e-05]
[9382, 6.297637254473733e-05]
[9385, 6.297637254473733e-05]
[9386, 6.297637254473733e-05]
[6672, 6.297644598089498e-05]
[9209, 6.29818648225928e-05]
[8990, 6.29837798037824e-05]
[8991, 6.29837798037824e-05]
[8993, 6.29837798037824e-05]
[4827, 6.298410087515273e-05]
[4828, 6.298410087515273e-05]
[2225, 6.298426058606223e-05]
[2228, 6.298426058606223e-05]
[8582, 6.29856886968223e-05]
[6035, 6.298957768141974e-05]
[9735, 6.298973905939616e-05]
[9736, 6.298973905939616e-05]
[10776, 6.298974815304074e-05]
[10852, 6.29897598824731e-05]
[10853, 6.29897598824731e-05]
[10854, 6.29897598824731e-05]
[10600, 6.298977842811017e-05]
[10667, 6.298994943335128e-05]
[10668, 6.298994943335128e-05]
[10669, 6.298994943335128e-05]
[9630, 6.298998798502466e-05]
[9631, 6.298998798502466e-05]
[10248, 6.299007492868877e-05]
[10252, 6.299007492868877e-05]
[10253, 6.299007492868877e-05]
[10743, 6.299014490244321e-05]
[10744, 6.299014490244321e-05]
[10745, 6.299014490244321e-05]
[10768, 6.299017676115682e-05]
[10769, 6.299017676115682e-05]
[10771, 6.299017676115682e-05]
[10772, 6.299017676115682e-05]
[10773, 6.299017676115682e-05]
[10838, 6.299029152034132e-05]
[10839, 6.299029152034132e-05]
[10840, 6.299029152034132e-05]
[9036, 6.299079443433439e-05]
[9038, 6.299079443433439e-05]
[10309, 6.299203686795263e-05]
[7161, 6.299298215664727e-05]
[10556, 6.299313194198708e-05]
[8885, 6.29936086808635e-05]
[10800, 6.299366321184903e-05]
[10801, 6.299366321184903e-05]
[10593, 6.299387162061292e-05]
[9814, 6.299429104584908e-05]
[9815, 6.299429104584908e-05]
[9842, 6.299532773851905e-05]
[10731, 6.299540403110373e-05]
[10062, 6.299652221719302e-05]
[10287, 6.299711750852261e-05]
[9325, 6.299846782992764e-05]
[9327, 6.299846782992764e-05]
[9328, 6.299846782992764e-05]
[9329, 6.299846782992764e-05]
[10083, 6.299898503730584e-05]
[10085, 6.299898503730584e-05]
[6295, 6.299908601669619e-05]
[6297, 6.299908601669619e-05]
[6298, 6.299908601669619e-05]
[2148, 6.300211021549377e-05]
[2149, 6.300211021549377e-05]
[10601, 6.300222833147457e-05]
[10602, 6.300222833147457e-05]
[10640, 6.30023148975604e-05]
[10641, 6.30023148975604e-05]
[3896, 6.300285753398759e-05]
[9022, 6.300433352356277e-05]
[9023, 6.300433352356277e-05]
[9906, 6.30051172127786e-05]
[9909, 6.30051172127786e-05]
[10502, 6.300624158772611e-05]
[10503, 6.300624158772611e-05]
[10504, 6.300624158772611e-05]
[8066, 6.300625363991093e-05]
[8067, 6.300625363991093e-05]
[9754, 6.300885790778125e-05]
[3766, 6.301373570031972e-05]
[3768, 6.301373570031972e-05]
[7818, 6.301438404394056e-05]
[6099, 6.301885845859815e-05]
[10442, 6.301945238479354e-05]
[10443, 6.301945238479354e-05]
[9062, 6.302025328074721e-05]
[179, 6.30221961629358e-05]
[8223, 6.302523315402877e-05]
[6827, 6.302750954352039e-05]
[8708, 6.303194878428973e-05]
[10370, 6.303430574829278e-05]
[10372, 6.303430574829278e-05]
[2985, 6.30368357953898e-05]
[8572, 6.303700649041156e-05]
[9337, 6.303844290885282e-05]
[9338, 6.303844290885282e-05]
[9340, 6.303844290885282e-05]
[9341, 6.303844290885282e-05]
[9342, 6.303844290885282e-05]
[10683, 6.304015722012187e-05]
[7401, 6.304082237399786e-05]
[8946, 6.304127934404405e-05]
[8986, 6.30426557049383e-05]
[9500, 6.304528067379692e-05]
[4200, 6.304568224071446e-05]
[8299, 6.304577550030884e-05]
[8300, 6.304577550030884e-05]
[655, 6.304597377564248e-05]
[656, 6.304597377564248e-05]
[662, 6.304597377564248e-05]
[8192, 6.304707431574564e-05]
[8193, 6.304707431574564e-05]
[8905, 6.304764128365612e-05]
[8906, 6.304764128365612e-05]
[9818, 6.304917338398477e-05]
[9820, 6.304917338398477e-05]
[10310, 6.305014763298479e-05]
[6581, 6.305032703422253e-05]
[10431, 6.305101163355617e-05]
[8772, 6.305206461663728e-05]
[8774, 6.305206461663728e-05]
[7227, 6.305391732609222e-05]
[10277, 6.305589392517253e-05]
[10278, 6.305589392517253e-05]
[10279, 6.305589392517253e-05]
[9905, 6.305782065677992e-05]
[5652, 6.30579477684428e-05]
[5653, 6.30579477684428e-05]
[10532, 6.305980865359123e-05]
[10533, 6.305980865359123e-05]
[6684, 6.305988877593115e-05]
[6685, 6.305988877593115e-05]
[9638, 6.306062878851375e-05]
[5167, 6.306267284300927e-05]
[5168, 6.306267284300927e-05]
[5170, 6.306267284300927e-05]
[8095, 6.306358126424075e-05]
[10071, 6.306383922909072e-05]
[6959, 6.306747651248061e-05]
[9681, 6.306979296118417e-05]
[9682, 6.306979296118417e-05]
[9683, 6.306979296118417e-05]
[10821, 6.307125528993895e-05]
[10822, 6.307125528993895e-05]
[10823, 6.307125528993895e-05]
[10824, 6.307125528993895e-05]
[9940, 6.307178929098864e-05]
[1624, 6.307230006207661e-05]
[6251, 6.307375043973463e-05]
[6252, 6.307375043973463e-05]
[7158, 6.307387716880311e-05]
[7777, 6.307587644424678e-05]
[7780, 6.307587644424678e-05]
[7781, 6.307587644424678e-05]
[7228, 6.30776051623946e-05]
[7068, 6.308004565724041e-05]
[5312, 6.308198869455285e-05]
[5313, 6.308198869455285e-05]
[4581, 6.308204358184912e-05]
[8226, 6.30834177521995e-05]
[8229, 6.30834177521995e-05]
[7769, 6.308886398851723e-05]
[9402, 6.309010007265099e-05]
[8767, 6.309133314219593e-05]
[8768, 6.309133314219593e-05]
[5875, 6.309310839242165e-05]
[10510, 6.309757915086497e-05]
[10511, 6.309757915086497e-05]
[10512, 6.309757915086497e-05]
[8584, 6.309861673603866e-05]
[8593, 6.310168064337484e-05]
[8595, 6.310168064337484e-05]
[8316, 6.310423403663203e-05]
[8317, 6.310423403663203e-05]
[9449, 6.310524042359316e-05]
[10408, 6.310725890585965e-05]
[10409, 6.310725890585965e-05]
[9101, 6.310858338011877e-05]
[6578, 6.31116582504e-05]
[9064, 6.311207387452884e-05]
[9065, 6.311207387452884e-05]
[9066, 6.311207387452884e-05]
[8297, 6.311578226915484e-05]
[8298, 6.311578226915484e-05]
[5776, 6.31209210715678e-05]
[5778, 6.31209210715678e-05]
[5665, 6.312106265262328e-05]
[5666, 6.312106265262328e-05]
[8078, 6.312228049568391e-05]
[8079, 6.312228049568391e-05]
[8080, 6.312228049568391e-05]
[8081, 6.312228049568391e-05]
[8082, 6.312228049568391e-05]
[8083, 6.312228049568391e-05]
[9791, 6.312346426183947e-05]
[10368, 6.31243404826166e-05]
[10369, 6.31243404826166e-05]
[6236, 6.312572613652752e-05]
[6237, 6.312572613652752e-05]
[10153, 6.312738824546982e-05]
[10154, 6.312738824546982e-05]
[10155, 6.312738824546982e-05]
[5624, 6.312874435013177e-05]
[5625, 6.312874435013177e-05]
[10374, 6.313011017985818e-05]
[9493, 6.313200811776206e-05]
[9494, 6.313200811776206e-05]
[8200, 6.313279439790483e-05]
[8201, 6.313279439790483e-05]
[8173, 6.313357208012234e-05]
[9822, 6.313441014564714e-05]
[8054, 6.313514153961316e-05]
[8056, 6.313514153961316e-05]
[6898, 6.313553583942319e-05]
[7986, 6.313618654236634e-05]
[7988, 6.313618654236634e-05]
[7989, 6.313618654236634e-05]
[7990, 6.313618654236634e-05]
[8146, 6.313819186303133e-05]
[6922, 6.313830898413823e-05]
[1834, 6.313855673753588e-05]
[8061, 6.314022833176084e-05]
[5356, 6.314216563130475e-05]
[7877, 6.314338068856523e-05]
[9149, 6.314422477177977e-05]
[8024, 6.314773672168497e-05]
[8025, 6.314773672168497e-05]
[8847, 6.315188858739535e-05]
[8848, 6.315188858739535e-05]
[8849, 6.315188858739535e-05]
[8850, 6.315188858739535e-05]
[8851, 6.315188858739535e-05]
[4847, 6.315199549676412e-05]
[4850, 6.315199549676412e-05]
[3952, 6.315615050138024e-05]
[3956, 6.315615050138024e-05]
[8181, 6.315661799334078e-05]
[5481, 6.315702952363307e-05]
[5482, 6.315702952363307e-05]
[6875, 6.315895065558634e-05]
[5382, 6.316450530002485e-05]
[7937, 6.31671331012661e-05]
[8747, 6.316732111266298e-05]
[2139, 6.316788026575374e-05]
[8964, 6.316934608365047e-05]
[8965, 6.316934608365047e-05]
[3535, 6.317061020748603e-05]
[43, 6.317084344152122e-05]
[49, 6.317084344152122e-05]
[9532, 6.31711817372905e-05]
[9534, 6.31711817372905e-05]
[3891, 6.31736907061135e-05]
[3892, 6.31736907061135e-05]
[7789, 6.317494294456607e-05]
[7790, 6.317494294456607e-05]
[7791, 6.317494294456607e-05]
[7792, 6.317494294456607e-05]
[4644, 6.317658557054517e-05]
[10658, 6.318002220340043e-05]
[9349, 6.318281062397373e-05]
[9215, 6.318812959925458e-05]
[6513, 6.318817772653476e-05]
[6515, 6.318817772653476e-05]
[6516, 6.318817772653476e-05]
[5087, 6.319279370056896e-05]
[5089, 6.319279370056896e-05]
[7498, 6.319310039101723e-05]
[7499, 6.319310039101723e-05]
[7500, 6.319310039101723e-05]
[7501, 6.319310039101723e-05]
[7502, 6.319310039101723e-05]
[8014, 6.319342042820109e-05]
[7025, 6.319505842163379e-05]
[4640, 6.319657509163644e-05]
[9659, 6.320094199357772e-05]
[9660, 6.320094199357772e-05]
[9661, 6.320094199357772e-05]
[8561, 6.320212991624182e-05]
[7342, 6.320224671895077e-05]
[10765, 6.320242192878868e-05]
[10766, 6.320242192878868e-05]
[10767, 6.320242192878868e-05]
[7841, 6.320876132639122e-05]
[1289, 6.320917428494586e-05]
[1292, 6.320917428494586e-05]
[4367, 6.321057125077388e-05]
[10296, 6.321324648903505e-05]
[1615, 6.322229737506129e-05]
[1617, 6.322229737506129e-05]
[1618, 6.322229737506129e-05]
[2488, 6.32226967822576e-05]
[9167, 6.322421896229035e-05]
[7702, 6.322729496346845e-05]
[3417, 6.322861581925126e-05]
[3422, 6.322861581925126e-05]
[8462, 6.323062446593403e-05]
[8463, 6.323062446593403e-05]
[8464, 6.323062446593403e-05]
[5527, 6.323155456742261e-05]
[10696, 6.32349476101011e-05]
[10697, 6.32349476101011e-05]
[10698, 6.32349476101011e-05]
[10594, 6.324250953471325e-05]
[10595, 6.324250953471325e-05]
[10596, 6.324250953471325e-05]
[9506, 6.324567154545742e-05]
[9507, 6.324567154545742e-05]
[8311, 6.324869120567095e-05]
[8312, 6.324869120567095e-05]
[10704, 6.324879534519249e-05]
[10705, 6.324879534519249e-05]
[9647, 6.325247805102853e-05]
[9969, 6.325469853608579e-05]
[9090, 6.326068591075952e-05]
[6913, 6.326210340914115e-05]
[6914, 6.326210340914115e-05]
[6915, 6.326210340914115e-05]
[5704, 6.32635387574448e-05]
[9891, 6.326865093236882e-05]
[9893, 6.326865093236882e-05]
[10127, 6.326998517292735e-05]
[9945, 6.327278378198053e-05]
[9948, 6.327278378198053e-05]
[4938, 6.327396200143386e-05]
[6113, 6.327512888409772e-05]
[9196, 6.32789935641426e-05]
[9164, 6.328031472577912e-05]
[10224, 6.328217103262794e-05]
[10225, 6.328217103262794e-05]
[10227, 6.328217103262794e-05]
[10228, 6.328217103262794e-05]
[5187, 6.328556616026654e-05]
[5188, 6.328556616026654e-05]
[9157, 6.328768851496744e-05]
[9159, 6.328768851496744e-05]
[7975, 6.328817515308284e-05]
[7976, 6.328817515308284e-05]
[7977, 6.328817515308284e-05]
[7978, 6.328817515308284e-05]
[8212, 6.329386696815996e-05]
[8213, 6.329386696815996e-05]
[4625, 6.329440206830872e-05]
[4626, 6.329440206830872e-05]
[10093, 6.329512015813761e-05]
[10094, 6.329512015813761e-05]
[8475, 6.329556728914343e-05]
[9610, 6.32956146521384e-05]
[6658, 6.330005352153006e-05]
[6659, 6.330005352153006e-05]
[6660, 6.330005352153006e-05]
[9887, 6.330118766983891e-05]
[6534, 6.3303168098808e-05]
[6535, 6.3303168098808e-05]
[4443, 6.330469520306843e-05]
[4444, 6.330469520306843e-05]
[7114, 6.33054961480417e-05]
[7115, 6.33054961480417e-05]
[8709, 6.330828010113342e-05]
[9952, 6.330923006581556e-05]
[5058, 6.330957037077135e-05]
[5059, 6.330957037077135e-05]
[10692, 6.330975409574383e-05]
[10693, 6.330975409574383e-05]
[10694, 6.330975409574383e-05]
[6919, 6.331463414353377e-05]
[10355, 6.331470062204966e-05]
[9961, 6.331790395733632e-05]
[9962, 6.331790395733632e-05]
[9963, 6.331790395733632e-05]
[2023, 6.331931120820257e-05]
[2025, 6.331931120820257e-05]
[2027, 6.331931120820257e-05]
[7890, 6.332039929898305e-05]
[7891, 6.332039929898305e-05]
[8182, 6.332156245501091e-05]
[8565, 6.3321624312598e-05]
[7711, 6.3321791530701e-05]
[5738, 6.332367970745493e-05]
[4381, 6.33253392599541e-05]
[4385, 6.33253392599541e-05]
[7585, 6.332605812672408e-05]
[7586, 6.332605812672408e-05]
[7588, 6.332605812672408e-05]
[6653, 6.332619903678569e-05]
[9084, 6.332663028524051e-05]
[9085, 6.332663028524051e-05]
[10609, 6.332704793134857e-05]
[10610, 6.332704793134857e-05]
[8899, 6.33283656142999e-05]
[8900, 6.33283656142999e-05]
[8902, 6.33283656142999e-05]
[357, 6.332920423770467e-05]
[9344, 6.333563041837484e-05]
[10091, 6.333770260828688e-05]
[10092, 6.333770260828688e-05]
[5486, 6.333896879830874e-05]
[10038, 6.334056191559245e-05]
[8999, 6.334156489088445e-05]
[6902, 6.334293052039991e-05]
[6903, 6.334293052039991e-05]
[4521, 6.334347053497483e-05]
[8927, 6.334442038144219e-05]
[8928, 6.334442038144219e-05]
[7757, 6.334527904152625e-05]
[8886, 6.334532841864633e-05]
[8887, 6.334532841864633e-05]
[10672, 6.334732631403339e-05]
[8637, 6.334813066247868e-05]
[8693, 6.334813066247868e-05]
[4707, 6.33489962180607e-05]
[8808, 6.335044831042003e-05]
[8809, 6.335044831042003e-05]
[9879, 6.335203567518729e-05]
[9881, 6.335203567518729e-05]
[10805, 6.335208161671297e-05]
[10806, 6.335208161671297e-05]
[10807, 6.335208161671297e-05]
[9289, 6.335496726825924e-05]
[9708, 6.335808912871096e-05]
[9709, 6.335808912871096e-05]
[7064, 6.335937636773068e-05]
[7237, 6.335952527186207e-05]
[7573, 6.336101209038724e-05]
[10321, 6.336385058857808e-05]
[10322, 6.336385058857808e-05]
[5421, 6.336566361359948e-05]
[5422, 6.336566361359948e-05]
[5423, 6.336566361359948e-05]
[10604, 6.33672912846178e-05]
[10605, 6.33672912846178e-05]
[9721, 6.33675145865788e-05]
[1453, 6.337112044397321e-05]
[6259, 6.337193933962925e-05]
[7046, 6.337435119516918e-05]
[7047, 6.337435119516918e-05]
[7048, 6.337435119516918e-05]
[6054, 6.337842393968386e-05]
[9509, 6.338025838451095e-05]
[7656, 6.338160683880393e-05]
[8732, 6.338261786284911e-05]
[8733, 6.338261786284911e-05]
[4820, 6.33828505577367e-05]
[5641, 6.338315821037834e-05]
[8430, 6.33849131427932e-05]
[8431, 6.33849131427932e-05]
[9311, 6.339202963498382e-05]
[9312, 6.339202963498382e-05]
[7187, 6.339246598623486e-05]
[8501, 6.339362386738578e-05]
[6737, 6.340427668403715e-05]
[6738, 6.340427668403715e-05]
[2019, 6.340526451094445e-05]
[7652, 6.34077363043753e-05]
[7653, 6.34077363043753e-05]
[6568, 6.340967698147407e-05]
[6776, 6.341585092066047e-05]
[6777, 6.341585092066047e-05]
[6983, 6.341624647507684e-05]
[6984, 6.341624647507684e-05]
[8233, 6.341796052730657e-05]
[5972, 6.342388114454493e-05]
[9788, 6.342488551418607e-05]
[9789, 6.342488551418607e-05]
[3434, 6.342637106789595e-05]
[3436, 6.342637106789595e-05]
[9643, 6.343385079891052e-05]
[9644, 6.343385079891052e-05]
[9645, 6.343385079891052e-05]
[9422, 6.343517156841875e-05]
[9423, 6.343517156841875e-05]
[10059, 6.3436984691736e-05]
[10060, 6.3436984691736e-05]
[10061, 6.3436984691736e-05]
[10680, 6.34376701062043e-05]
[5208, 6.343948297379528e-05]
[5700, 6.344030780212056e-05]
[9632, 6.344126844255378e-05]
[9995, 6.344130067574127e-05]
[9996, 6.344130067574127e-05]
[8608, 6.344141683734988e-05]
[8609, 6.344141683734988e-05]
[3935, 6.344226369580606e-05]
[3937, 6.344226369580606e-05]
[7927, 6.344278925387708e-05]
[7930, 6.344278925387708e-05]
[6553, 6.344902493056512e-05]
[6554, 6.344902493056512e-05]
[10757, 6.34497128747588e-05]
[10812, 6.345052047449388e-05]
[10813, 6.345052047449388e-05]
[10814, 6.345052047449388e-05]
[10815, 6.345052047449388e-05]
[10639, 6.34532228273834e-05]
[2604, 6.345324067798773e-05]
[9078, 6.345647704936514e-05]
[9080, 6.345647704936514e-05]
[9308, 6.345729235136268e-05]
[9310, 6.345729235136268e-05]
[9662, 6.345993913927529e-05]
[9663, 6.345993913927529e-05]
[9664, 6.345993913927529e-05]
[9811, 6.346009682850342e-05]
[9812, 6.346009682850342e-05]
[8062, 6.346304252321645e-05]
[4723, 6.346394825315465e-05]
[2960, 6.347283241888677e-05]
[2965, 6.347283241888677e-05]
[2966, 6.347283241888677e-05]
[7985, 6.347350826636275e-05]
[9733, 6.347430024114942e-05]
[9734, 6.347430024114942e-05]
[2385, 6.347565048737215e-05]
[9672, 6.348290828185412e-05]
[8370, 6.348339729509692e-05]
[8371, 6.348339729509692e-05]
[10015, 6.348342181210376e-05]
[10016, 6.348342181210376e-05]
[7026, 6.348418080162242e-05]
[7028, 6.348418080162242e-05]
[10067, 6.348439752762023e-05]
[7218, 6.34852132439822e-05]
[7457, 6.348637701781133e-05]
[7458, 6.348637701781133e-05]
[8468, 6.348693208971969e-05]
[8469, 6.348693208971969e-05]
[8045, 6.348920298824426e-05]
[8046, 6.348920298824426e-05]
[9779, 6.349048458184914e-05]
[7723, 6.349421574446298e-05]
[9604, 6.349781159055732e-05]
[1170, 6.349853514944994e-05]
[1173, 6.349853514944994e-05]
[8788, 6.350138384970047e-05]
[6094, 6.35017150068622e-05]
[8269, 6.350274307001595e-05]
[8270, 6.350274307001595e-05]
[8271, 6.350274307001595e-05]
[1189, 6.350302632149548e-05]
[1193, 6.350302632149548e-05]
[1195, 6.350302632149548e-05]
[9451, 6.350442506198506e-05]
[9452, 6.350442506198506e-05]
[3620, 6.350515512170287e-05]
[3621, 6.350515512170287e-05]
[3625, 6.350515512170287e-05]
[9097, 6.351032685148204e-05]
[9098, 6.351032685148204e-05]
[9099, 6.351032685148204e-05]
[8272, 6.351178819777134e-05]
[8273, 6.351178819777134e-05]
[8274, 6.351178819777134e-05]
[5364, 6.351473352858535e-05]
[7935, 6.351596872304357e-05]
[1498, 6.35164310404631e-05]
[8824, 6.351782521119076e-05]
[8825, 6.351782521119076e-05]
[7253, 6.351904892848962e-05]
[7254, 6.351904892848962e-05]
[3416, 6.352004863270698e-05]
[3205, 6.35230078646914e-05]
[769, 6.352322225911452e-05]
[770, 6.352322225911452e-05]
[8249, 6.352967073051484e-05]
[7683, 6.353021248896739e-05]
[7684, 6.353021248896739e-05]
[3693, 6.353501953882593e-05]
[3694, 6.353501953882593e-05]
[3695, 6.353501953882593e-05]
[8205, 6.35381986883477e-05]
[8206, 6.35381986883477e-05]
[3251, 6.353973336609997e-05]
[5475, 6.354969264488482e-05]
[9270, 6.354983163483582e-05]
[9618, 6.355134029454083e-05]
[9619, 6.355134029454083e-05]
[9620, 6.355134029454083e-05]
[9202, 6.355295928253052e-05]
[9203, 6.355295928253052e-05]
[9204, 6.355295928253052e-05]
[9205, 6.355295928253052e-05]
[8722, 6.355481143239778e-05]
[8723, 6.355481143239778e-05]
[6124, 6.356168856633697e-05]
[6132, 6.356168856633697e-05]
[6133, 6.356168856633697e-05]
[8123, 6.356178240428426e-05]
[8915, 6.356408542245157e-05]
[8916, 6.356408542245157e-05]
[8917, 6.356408542245157e-05]
[6699, 6.356639215840352e-05]
[7967, 6.357006870609876e-05]
[7968, 6.357006870609876e-05]
[7212, 6.357091984137823e-05]
[7214, 6.357091984137823e-05]
[8075, 6.357373447950523e-05]
[6550, 6.357393445792956e-05]
[6552, 6.357393445792956e-05]
[7834, 6.35759828102857e-05]
[9562, 6.35785349445262e-05]
[9563, 6.35785349445262e-05]
[9231, 6.357916780072038e-05]
[9232, 6.357916780072038e-05]
[4114, 6.358266254818235e-05]
[8236, 6.358324418582997e-05]
[8237, 6.358324418582997e-05]
[5683, 6.35832906590697e-05]
[6037, 6.358524057170724e-05]
[6039, 6.358524057170724e-05]
[9140, 6.358670861544727e-05]
[8002, 6.358887255760584e-05]
[7139, 6.359144107577647e-05]
[8554, 6.359278126626004e-05]
[7234, 6.359680340253834e-05]
[5978, 6.359719713961744e-05]
[5980, 6.359719713961744e-05]
[5981, 6.359719713961744e-05]
[10345, 6.360011210103099e-05]
[10346, 6.360011210103099e-05]
[7768, 6.360702173780812e-05]
[5544, 6.360764765689222e-05]
[7063, 6.361040607339145e-05]
[7418, 6.362036422235774e-05]
[7886, 6.362064390490921e-05]
[9526, 6.362290329363342e-05]
[9527, 6.362290329363342e-05]
[9528, 6.362290329363342e-05]
[8682, 6.362518591694205e-05]
[8683, 6.362518591694205e-05]
[8020, 6.362817854927376e-05]
[9872, 6.363340652888508e-05]
[9873, 6.363340652888508e-05]
[9483, 6.363387528192802e-05]
[9484, 6.363387528192802e-05]
[9485, 6.363387528192802e-05]
[9486, 6.363387528192802e-05]
[5605, 6.36349430985188e-05]
[10220, 6.364209415552107e-05]
[7505, 6.364411207229951e-05]
[6761, 6.364660935543102e-05]
[6763, 6.364660935543102e-05]
[6046, 6.364926617047241e-05]
[2164, 6.365243136424912e-05]
[4565, 6.365281481309149e-05]
[7868, 6.365627607684387e-05]
[7869, 6.365627607684387e-05]
[7870, 6.365627607684387e-05]
[8643, 6.365956541608408e-05]
[8644, 6.365956541608408e-05]
[7698, 6.365989788544619e-05]
[7700, 6.365989788544619e-05]
[5567, 6.366040098185876e-05]
[5927, 6.366048789909323e-05]
[7919, 6.366069779407228e-05]
[5056, 6.36620415546631e-05]
[5057, 6.36620415546631e-05]
[8315, 6.366249571187053e-05]
[7566, 6.366355172720861e-05]
[7568, 6.366355172720861e-05]
[6686, 6.366430427022506e-05]
[7598, 6.366492062816045e-05]
[7599, 6.366492062816045e-05]
[7600, 6.366492062816045e-05]
[8088, 6.366579431930919e-05]
[8089, 6.366579431930919e-05]
[8090, 6.366579431930919e-05]
[8091, 6.366579431930919e-05]
[8093, 6.366579431930919e-05]
[9075, 6.367398876842462e-05]
[9399, 6.367715242067881e-05]
[4784, 6.367941199795802e-05]
[4785, 6.367941199795802e-05]
[4786, 6.367941199795802e-05]
[10030, 6.368105262418325e-05]
[7773, 6.368106403475602e-05]
[7774, 6.368106403475602e-05]
[7775, 6.368106403475602e-05]
[3569, 6.368235717227715e-05]
[8665, 6.368241974504515e-05]
[5756, 6.368402113084119e-05]
[6139, 6.368500678972899e-05]
[7391, 6.368511233327527e-05]
[7393, 6.368511233327527e-05]
[4762, 6.368538718568266e-05]
[3331, 6.36858503102905e-05]
[3332, 6.36858503102905e-05]
[3333, 6.36858503102905e-05]
[3334, 6.36858503102905e-05]
[10816, 6.368787647492435e-05]
[10817, 6.368787647492435e-05]
[10818, 6.368787647492435e-05]
[10357, 6.368794694113323e-05]
[10358, 6.368794694113323e-05]
[5843, 6.368934275120733e-05]
[9861, 6.368947296587369e-05]
[1726, 6.369048387571153e-05]
[9057, 6.370106221547801e-05]
[9058, 6.370106221547801e-05]
[9359, 6.37011843588655e-05]
[9361, 6.37011843588655e-05]
[10283, 6.370922241020233e-05]
[10284, 6.370922241020233e-05]
[9477, 6.37094179217403e-05]
[9648, 6.370979947857977e-05]
[5053, 6.3711941341739e-05]
[5865, 6.371378685448582e-05]
[5866, 6.371378685448582e-05]
[5868, 6.371378685448582e-05]
[8163, 6.371394896727335e-05]
[3993, 6.371815897329173e-05]
[3234, 6.371877952815485e-05]
[8034, 6.371879276858915e-05]
[10654, 6.372212372116076e-05]
[10655, 6.372212372116076e-05]
[10656, 6.372212372116076e-05]
[10420, 6.372339971499686e-05]
[10421, 6.372339971499686e-05]
[2731, 6.37235615768426e-05]
[2733, 6.37235615768426e-05]
[2735, 6.37235615768426e-05]
[2737, 6.37235615768426e-05]
[7268, 6.372499040565591e-05]
[3521, 6.372618551993482e-05]
[3523, 6.372618551993482e-05]
[2032, 6.372775213449045e-05]
[2035, 6.372775213449045e-05]
[2036, 6.372775213449045e-05]
[813, 6.373043004396897e-05]
[816, 6.373043004396897e-05]
[817, 6.373043004396897e-05]
[818, 6.373043004396897e-05]
[7754, 6.373185722073831e-05]
[7755, 6.373185722073831e-05]
[7756, 6.373185722073831e-05]
[8994, 6.373441437056837e-05]
[2077, 6.373609235475464e-05]
[9654, 6.373852660765599e-05]
[9655, 6.373852660765599e-05]
[9656, 6.373852660765599e-05]
[5497, 6.374309403051806e-05]
[8266, 6.374343138286566e-05]
[6954, 6.374472374610617e-05]
[7363, 6.374524207572895e-05]
[4746, 6.374549513531062e-05]
[7688, 6.374645391338039e-05]
[8711, 6.374758628208302e-05]
[6764, 6.374917168492584e-05]
[6765, 6.374917168492584e-05]
[6767, 6.374917168492584e-05]
[7454, 6.375142996361314e-05]
[7455, 6.375142996361314e-05]
[6635, 6.37523248603205e-05]
[10432, 6.375239319447489e-05]
[10107, 6.375370982387357e-05]
[10108, 6.375370982387357e-05]
[6809, 6.375539216832195e-05]
[5183, 6.375609937358273e-05]
[9802, 6.375707731992196e-05]
[9713, 6.37584225111899e-05]
[8395, 6.376222742739953e-05]
[8396, 6.376222742739953e-05]
[7899, 6.376247576106382e-05]
[8727, 6.37654622481305e-05]
[5804, 6.376664178175156e-05]
[7525, 6.376894345414211e-05]
[6888, 6.376944826169242e-05]
[6414, 6.376950769168193e-05]
[6418, 6.376950769168193e-05]
[8164, 6.377805127213027e-05]
[8165, 6.377805127213027e-05]
[8166, 6.377805127213027e-05]
[7014, 6.378273705172713e-05]
[9773, 6.378510443723761e-05]
[7155, 6.378513934668075e-05]
[9776, 6.378545118071497e-05]
[9777, 6.378545118071497e-05]
[4399, 6.37858802439405e-05]
[4406, 6.37858802439405e-05]
[9463, 6.379171915441495e-05]
[8026, 6.379211018810353e-05]
[8028, 6.379211018810353e-05]
[8029, 6.379211018810353e-05]
[8125, 6.379275247449034e-05]
[4472, 6.379278537262093e-05]
[8398, 6.37947735034395e-05]
[8399, 6.37947735034395e-05]
[8754, 6.379828899636353e-05]
[8755, 6.379828899636353e-05]
[9473, 6.380494792406621e-05]
[7518, 6.380700324041875e-05]
[7519, 6.380700324041875e-05]
[9941, 6.381188923976364e-05]
[9943, 6.381188923976364e-05]
[9944, 6.381188923976364e-05]
[9468, 6.381391387623447e-05]
[4252, 6.381410946224315e-05]
[5812, 6.381443553779627e-05]
[9771, 6.381957713788992e-05]
[6287, 6.382045206085077e-05]
[6288, 6.382045206085077e-05]
[6289, 6.382045206085077e-05]
[6291, 6.382045206085077e-05]
[4770, 6.38247000409437e-05]
[7654, 6.383017393995858e-05]
[9446, 6.383119815940474e-05]
[4859, 6.383198393436281e-05]
[868, 6.383332377470899e-05]
[10428, 6.383783077317301e-05]
[10429, 6.383783077317301e-05]
[10430, 6.383783077317301e-05]
[7395, 6.38379377572888e-05]
[7396, 6.38379377572888e-05]
[9883, 6.384739602832851e-05]
[8661, 6.385000361150134e-05]
[6345, 6.385166553650772e-05]
[6347, 6.385166553650772e-05]
[7696, 6.385242319875619e-05]
[1524, 6.385299626594714e-05]
[4363, 6.38577526454508e-05]
[10311, 6.38580173860287e-05]
[10312, 6.38580173860287e-05]
[10313, 6.38580173860287e-05]
[10314, 6.38580173860287e-05]
[8150, 6.386106781572834e-05]
[406, 6.386351098691133e-05]
[414, 6.386351098691133e-05]
[9013, 6.386354549438056e-05]
[6400, 6.386476665078822e-05]
[1488, 6.386522222445946e-05]
[1490, 6.386522222445946e-05]
[737, 6.386934091485746e-05]
[5864, 6.387058519530984e-05]
[10364, 6.387504239635161e-05]
[10365, 6.387504239635161e-05]
[10366, 6.387504239635161e-05]
[10395, 6.38821729467537e-05]
[7680, 6.388359817422562e-05]
[7196, 6.388480597073607e-05]
[8283, 6.388765496812022e-05]
[8284, 6.388765496812022e-05]
[5293, 6.388942283678806e-05]
[5294, 6.388942283678806e-05]
[6424, 6.389416333839337e-05]
[5072, 6.389564712927444e-05]
[7358, 6.390520439012759e-05]
[7259, 6.39080510659822e-05]
[4421, 6.391425893228162e-05]
[4424, 6.391425893228162e-05]
[4426, 6.391425893228162e-05]
[5541, 6.391484326011436e-05]
[6574, 6.391803124405166e-05]
[6575, 6.391803124405166e-05]
[9373, 6.39209890984065e-05]
[4638, 6.392161391225327e-05]
[2929, 6.392350925624911e-05]
[2930, 6.392350925624911e-05]
[6757, 6.39241110639602e-05]
[5748, 6.392532938944804e-05]
[5749, 6.392532938944804e-05]
[5750, 6.392532938944804e-05]
[2325, 6.392648117600782e-05]
[2329, 6.392648117600782e-05]
[2330, 6.392648117600782e-05]
[8803, 6.392884252571205e-05]
[4876, 6.393231114924733e-05]
[9264, 6.39327959043191e-05]
[9178, 6.393650983117945e-05]
[6195, 6.394294065744749e-05]
[9126, 6.394879193027852e-05]
[6690, 6.396687452002084e-05]
[9863, 6.396844152704421e-05]
[9864, 6.396844152704421e-05]
[9865, 6.396844152704421e-05]
[8538, 6.397022329917529e-05]
[8539, 6.397022329917529e-05]
[9550, 6.397770273647787e-05]
[6372, 6.397887658360434e-05]
[6373, 6.397887658360434e-05]
[7620, 6.398014331015592e-05]
[7816, 6.398325350323974e-05]
[7817, 6.398325350323974e-05]
[8592, 6.398577544947357e-05]
[7035, 6.398870763624546e-05]
[5623, 6.399308908636012e-05]
[6136, 6.39937775018124e-05]
